1556000648 1
1556069352 2
1556069383 3
1556158121 4
1556181677 5
1556423285 6
1556433272 7
1556437947 8
1556521841 9
1557906184 10
1557906195 11
1557911700 12
1557912994 13
1557913212 14
1557913548 15
1557913938 16
1557914345 17
1557916988 18
1558083088 19
1558320850 20
1558321701 21
1558345989 22
1558403077 23
1558494179 24
1558574040 25
1558576760 26
1558609114 27
1558609164 28
1558609988 29
1558616664 30
1558670451 31
1558670931 32
1558674277 33
1558681038 34
1559216385 35
1559290559 36
1560140235 37
1560158786 38
1560167681 39
1560219047 40
1560415551 41
1561362220 42
1561542325 43
1562227812 44
1562291304 45
1562298456 46
1562549478 47
1562758379 48
1562760552 49
1562812258 50
1562814311 51
1562849016 52
1563768093 53
1566283898 54
1566291577 55
1567044069 56
1567411088 57
1571364123 58
1573786161 59
1574060356 60
1574060462 61
1574133507 62
1574145239 63
1574145351 64
1574166241 65
1574217045 66
1574247523 67
1574307747 68
1574333805 69
1574651470 70
1575458500 71
1575541856 72
1576554367 73
1576633442 74
1576637773 75
1576838420 76
1577175627 77
1577177450 78
1577243325 79
1577341931 80
1577344037 81
1577952323 82
1578019776 83
1578035399 84
1578036076 85
1578382390 86
1578555143 87
1584610485 88
1588075342 89
1589973141 90
1589973334 91
1591169613 92
1594819564 93
1594980707 94
1596105863 95
1597660590 96
1597669571 97
1598175135 98
1598947764 99
1599201935 100
1599453095 101
1599453230 102
1600399167 103
1600843088 104
1601005108 105
1603790415 106
1604049161 107
1604393849 108
1604393866 109
1604560313 110
1604560557 111
1605095939 112
1607339383 113
1607583309 114
1607585620 115
1607927472 116
1609402208 117
1611202314 118
1611284684 119
1611296566 120
1615197565 121
1615205163 122
1615518034 123
1615528779 124
1617262812 125
1619599215 126
1628243546 127
1629964770 128
1634639737 129
1635306171 130
1635413569 131
1637224967 132
1637742092 133
1638174541 134
1638256865 135
1638328004 136
1638352425 137
1640054683 138
1649407502 139
1649758109 140
1649822506 141
1649992153 142
1652767596 143
1653987493 144
1656491062 145
1658990218 146
1660189960 147
1680508802 148
1688026668 149
1688026776 150
1691045075 151
