1556000648 221
1556069352 252
1556069383 252
1556158121 264
1556181677 1498
1556423285 1612
1556433272 1613
1556437947 1619
1556521841 1628
1557906184 1726
1557906195 1726
1557911700 1743
1557912994 1895
1557913212 1907
1557913548 1922
1557913938 1932
1557914345 1933
1557916988 1942
1558083088 2302
1558320850 2320
1558321701 2324
1558345989 2352
1558403077 2459
1558494179 2471
1558574040 2474
1558576760 2474
1558609114 2477
1558609164 2477
1558609988 2483
1558616664 2487
1558670451 2499
1558670931 2501
1558674277 2523
1558681038 2527
1559216385 2709
1559290559 2755
1560140235 2888
1560158786 2890
1560167681 2891
1560219047 2945
1560415551 2965
1561362220 2966
1561542325 2984
1562227812 3172
1562291304 3173
1562298456 3188
1562549478 3220
1562758379 3340
1562760552 3575
1562812258 3587
1562814311 3590
1562849016 3592
1563768093 3598
1566283898 3604
1566291577 3701
1567044069 3713
1567411088 3872
1571364123 3879
1573786161 3893
1574060356 3918
1574060462 4265
1574133507 4473
1574145239 4512
1574145351 4673
1574166241 4805
1574217045 4842
1574247523 4847
1574307747 4970
1574333805 4974
1574651470 4982
1575458500 4985
1575541856 4985
1576554367 5083
1576633442 5090
1576637773 5090
1576838420 5250
1577175627 5529
1577177450 5538
1577243325 5600
1577341931 5654
1577344037 5657
1577952323 5743
1578019776 5756
1578035399 5774
1578036076 5776
1578382390 5784
1578555143 5869
1584610485 5870
1588075342 6914
1589973141 6968
1589973334 6982
1591169613 7604
1594819564 7860
1594980707 7862
1596105863 7904
1597660590 8235
1597669571 8347
1598175135 8606
1598947764 8619
1599201935 8620
1599453095 9180
1599453230 9427
1600399167 9429
1600843088 9565
1601005108 9699
1603790415 10750
1604049161 10753
1604393849 10759
1604393866 10759
1604560313 10761
1604560557 10763
1605095939 11229
1607339383 11234
1607583309 11328
1607585620 11386
1607927472 11391
1609402208 11411
1611202314 11910
1611284684 12052
1611296566 12164
1615197565 12238
1615205163 12243
1615518034 12259
1615528779 12259
1617262812 12322
1619599215 12368
1628243546 12374
1629964770 12385
1634639737 12433
1635306171 12465
1635413569 12470
1637224967 12737
1637742092 12738
1638174541 12750
1638256865 12788
1638328004 12789
1638352425 12791
1640054683 12822
1649407502 12823
1649758109 12888
1649822506 13305
1649992153 13320
1652767596 13485
1653987493 13488
1656491062 13513
1658990218 13522
1660189960 13535
1680508802 13536
1688026668 13644
1688026776 13645
1691045075 13652
