1556000648 183
1556069352 213
1556069383 222
1556158121 192
1556181677 762
1556423285 859
1556433272 833
1556437947 837
1556521841 835
1557906184 905
1557906195 970
1557911700 987
1557912994 999
1557913212 987
1557913548 993
1557913938 999
1557914345 999
1557916988 1005
1558083088 1107
1558320850 1114
1558321701 1116
1558345989 1124
1558403077 1203
1558494179 1205
1558609114 1205
1558609164 1335
1558609988 1335
1558616664 1335
1558670451 1324
1558670931 1324
1558674277 1314
1558681038 1316
1559216385 1477
1559290559 1499
1560140235 1584
1560158786 1584
1560167681 1584
1560219047 1584
1560415551 1590
1561362220 1588
1561542325 1603
1562227812 1790
1562291304 1791
1562298456 1804
1562549478 1833
1562758379 1937
1562760552 2172
1562812258 2160
1562814311 2162
1562849016 2162
1563768093 2166
1566283898 2166
1566291577 2164
1567044069 2163
1567411088 2320
1571364123 2321
1573786161 2328
1574060356 2332
1574060462 2679
1574133507 2874
1574145239 2913
1574145351 2960
1574166241 2992
1574217045 3014
1574247523 3015
1574307747 3085
1574333805 3083
1574651470 3084
1575458500 3085
1575541856 3083
1576554367 3181
1576633442 3182
1576637773 3181
1576838420 3299
1577175627 3331
1577177450 3332
1577243325 3311
1577341931 3339
1577344037 3340
1577952323 3367
1578019776 3376
1578035399 3376
1578036076 3376
1578382390 3245
1578555143 3197
1584610485 3197
1588075342 4207
1589973141 4219
1589973334 4220
1591169613 3340
1594819564 3342
1594980707 3342
1596105863 2356
1597660590 2498
1597669571 2518
1598175135 2618
1598947764 2619
1599201935 2619
1599453095 2511
1599453230 2758
1600399167 2760
1600843088 2802
1601005108 2812
1603790415 3860
1604049161 3862
1604393849 3868
1604393866 3870
1604560313 3870
1604560557 3870
1605095939 4104
1607339383 4105
1607583309 3979
1607585620 3979
1607927472 3979
1609402208 3993
1611202314 3829
1611284684 3833
1611296566 3813
1615197565 3864
1615205163 3866
1615518034 3873
1615528779 3871
1617262812 3913
1619599215 3952
1628243546 3941
1629964770 3946
1634639737 3993
1635306171 4021
1635413569 4023
1637224967 4146
1637742092 4146
1638174541 4148
1638256865 4184
1638328004 4184
1638352425 4184
1640054683 4213
1649407502 4213
1649758109 4199
1649822506 4464
1649992153 4461
1652767596 4370
1653987493 4370
1656491062 4379
1658990218 4382
1660189960 4394
1680508802 4394
1688026668 4472
1688026776 4473
1691045075 4478
