1574749142 1
1574749916 2
1574751377 3
1574767237 4
1574817929 5
1574838462 6
1574841889 7
1574842123 8
1574912358 9
1576057402 10
1576131467 11
1576146912 12
1576482583 13
1576495615 14
1576838661 15
1577175730 16
1577177467 17
1577243310 18
1577341956 19
1577344048 20
1577704420 21
1577952416 22
1578019788 23
1578035447 24
1578036091 25
1578382348 26
1578382403 27
1578450117 28
1578555194 29
1580534114 30
1584610602 31
1585208866 32
1585910610 33
1588075390 34
1589973180 35
1589973349 36
1591177136 37
1593497866 38
1594206925 39
1594819600 40
1594821213 41
1594969900 42
1595494621 43
1596105959 44
1596105994 45
1596538234 46
1597646322 47
1597654120 48
1597660634 49
1597662259 50
1597669491 51
1597670021 52
1597916702 53
1597916779 54
1597980000 55
1598166441 56
1598169331 57
1598175193 58
1598235763 59
1598241582 60
1598274943 61
1598358128 62
1598448591 63
1598527102 64
1598844253 65
1598954880 66
1599112894 67
1599114908 68
1599115111 69
1599120197 70
1599124228 71
1599453133 72
1599453280 73
1599469006 74
1599474646 75
1599533198 76
1599805028 77
1600068485 78
1600161204 79
1600223578 80
1600223770 81
1600328821 82
1600329651 83
1600332116 84
1600335186 85
1600335369 86
1600336043 87
1600337597 88
1600343931 89
1600344269 90
1600344586 91
1600347968 92
1600399459 93
1600399475 94
1600670547 95
1600843051 96
1600843061 97
1600943227 98
1601005180 99
1601005201 100
1601194334 101
1601196446 102
1601196541 103
1601197893 104
1601199174 105
1601199606 106
1601200181 107
1601200916 108
1602829459 109
1602835597 110
1602841609 111
1603095912 112
1603105262 113
1603190647 114
1603190926 115
1603191446 116
1603276798 117
1603277658 118
1603277863 119
1603332119 120
1603785918 121
1603790239 122
1604316894 123
1604316907 124
1605096189 125
1606121983 126
1606122095 127
1606202389 128
1606205936 129
1606207955 130
1606805413 131
1607065453 132
1607339413 133
1607583512 134
1607585666 135
1607590661 136
1607590852 137
1607590994 138
1607599586 139
1607600043 140
1607660045 141
1607660117 142
1607673553 143
1607673596 144
1607674018 145
1607921339 146
1607926590 147
1607928150 148
1607935487 149
1607936498 150
1608002617 151
1608003990 152
1608005000 153
1608005192 154
1608005698 155
1608006255 156
1608006355 157
1608028264 158
1608086564 159
1608099846 160
1608100768 161
1608100938 162
1608106270 163
1608107233 164
1608110837 165
1608712622 166
1608794029 167
1608795162 168
1608797157 169
1608798841 170
1608799088 171
1608868651 172
1608878820 173
1608880270 174
1608886194 175
1608890494 176
1609226639 177
1609402266 178
1610436548 179
1610504340 180
1611126694 181
1611133532 182
1611196460 183
1611202328 184
1611284721 185
1611289595 186
1611296604 187
1611902072 188
1611903167 189
1612346348 190
1612346561 191
1612347962 192
1612349168 193
1615197593 194
1615205176 195
1615518096 196
1615528797 197
1616053166 198
1617170109 199
1617177054 200
1617262835 201
1617327234 202
1617328472 203
1617331089 204
1617331363 205
1617333093 206
1617333368 207
1617774476 208
1617780319 209
1617850066 210
1617872834 211
1617935331 212
1617938601 213
1618209478 214
1618209540 215
1618211273 216
1618211653 217
1618284794 218
1618285309 219
1618285410 220
1618286456 221
1618292217 222
1618293316 223
1618293575 224
1618296414 225
1618296606 226
1618296725 227
1618302257 228
1618302450 229
1618302694 230
1618302895 231
1618303083 232
1618303366 233
1618303508 234
1618304120 235
1618304565 236
1618304944 237
1618308738 238
1618308921 239
1618309597 240
1618310178 241
1618310885 242
1618311468 243
1618379719 244
1618454292 245
1618476143 246
1618476701 247
1618477604 248
1618480316 249
1618540597 250
1618543958 251
1618552857 252
1618553480 253
1618557107 254
1619077554 255
1619318699 256
1619339249 257
1619339973 258
1619599242 259
1619600003 260
1621242024 261
1621824875 262
1623400780 263
1623401063 264
1623401271 265
1623401377 266
1623401593 267
1623401880 268
1623402775 269
1623403944 270
1623830925 271
1623832776 272
1623833605 273
1623834410 274
1623838014 275
1623838221 276
1623838325 277
1623839762 278
1623841031 279
1623852602 280
1623854253 281
1623854793 282
1623855770 283
1623898194 284
1623898304 285
1623898627 286
1623898860 287
1623899454 288
1623910083 289
1623910526 290
1623911559 291
1623916789 292
1624352225 293
1625120080 294
1625465757 295
1625623655 296
1625650885 297
1625652445 298
1625653065 299
1625708591 300
1625708707 301
1625710075 302
1625710345 303
1625710487 304
1625710579 305
1625710830 306
1625711485 307
1625711771 308
1625711971 309
1625712064 310
1625712443 311
1625726277 312
1625728141 313
1625797980 314
1625821494 315
1626248842 316
1626249152 317
1626249482 318
1626251080 319
1626252446 320
1626254668 321
1626255993 322
1626256041 323
1626256108 324
1626256166 325
1626256501 326
1626340128 327
1626340201 328
1626403026 329
1626681211 330
1626686636 331
1626767369 332
1626937017 333
1626937044 334
1626937859 335
1626938119 336
1627020927 337
1627024517 338
1627024684 339
1627024835 340
1627025754 341
1627026430 342
1627026585 343
1627026668 344
1627029224 345
1627441538 346
1627526574 347
1627526694 348
1627528922 349
1627529496 350
1627529998 351
1627531239 352
1627531333 353
1627540661 354
1627541553 355
1627981317 356
1628127881 357
1628243566 358
1628243960 359
1629858605 360
1629943519 361
1629943684 362
1629956799 363
1629957798 364
1629964890 365
1630290100 366
1630290215 367
1630292192 368
1630292458 369
1630293065 370
1630293199 371
1630293391 372
1630295302 373
1630392590 374
1630921717 375
1631091413 376
1631241279 377
1632390770 378
1632395083 379
1632414257 380
1632732821 381
1632909690 382
1633749518 383
1633749711 384
1634019078 385
1634021536 386
1634630833 387
1635305444 388
1635306212 389
1635402360 390
1635410517 391
1635411060 392
1635413604 393
1635472399 394
1637223806 395
1637224328 396
1637230253 397
1637288094 398
1637289891 399
1637290316 400
1637290340 401
1637290618 402
1637637346 403
1637742180 404
1638174516 405
1638256807 406
1638344406 407
1638352401 408
1638355149 409
1638408843 410
1638429400 411
1638774865 412
1638777806 413
1638944866 414
1639030250 415
1639036054 416
1639100253 417
1639100361 418
1639101021 419
1639532578 420
1639964171 421
1640054603 422
1640678020 423
1641457676 424
1641457750 425
1641539331 426
1641541770 427
1641801238 428
1641979711 429
1642040195 430
1642041663 431
1642573737 432
1642573769 433
1642574293 434
1642642946 435
1642664209 436
1644199862 437
1644199899 438
1644638950 439
1644991642 440
1644991761 441
1644992270 442
1644992880 443
1644993417 444
1645001027 445
1645001099 446
1645070404 447
1645431181 448
1645512666 449
1645581791 450
1646027776 451
1646962536 452
1647849041 453
1647849249 454
1648017091 455
1648106834 456
1648607253 457
1648622798 458
1648888860 459
1649407453 460
1649758180 461
1649822600 462
1649992189 463
1650419998 464
1650420618 465
1650424985 466
1650444866 467
1650792374 468
1650952919 469
1651045018 470
1651729842 471
1651730804 472
1651731226 473
1652169928 474
1652175334 475
1652241817 476
1652413023 477
1652428481 478
1652672547 479
1652679287 480
1652690669 481
1652755775 482
1652767054 483
1652767566 484
1652777217 485
1652778637 486
1652837571 487
1652854628 488
1653302615 489
1653379774 490
1653444644 491
1653448570 492
1653559988 493
1653560263 494
1653560774 495
1653562203 496
1653562831 497
1653564105 498
1653564135 499
1653565380 500
1653631528 501
1653631557 502
1653642001 503
1653642190 504
1653980536 505
1653980899 506
1653981825 507
1654063146 508
1654063175 509
1654071382 510
1654076598 511
1654133994 512
1654134008 513
1654587418 514
1654587434 515
1654671491 516
1654744359 517
1654851613 518
1655089905 519
1655378354 520
1655378374 521
1655381492 522
1655381510 523
1655430584 524
1655433002 525
1656485491 526
1656491041 527
1656645384 528
1656645400 529
1656906095 530
1657001332 531
1657244014 532
1658908992 533
1658990193 534
1658995717 535
1659342630 536
1659345336 537
1659434431 538
1659434440 539
1659680784 540
1659684696 541
1659690211 542
1660034544 543
1660034723 544
1660114555 545
1660189908 546
1661500164 547
1661502871 548
1662011260 549
1662101301 550
1662115353 551
1662618332 552
1662618343 553
1662625013 554
1662627386 555
1662629216 556
1663576914 557
1663576997 558
1663577438 559
1663659388 560
1663727472 561
1663898834 562
1664172836 563
1664335893 564
1666000646 565
1667547748 566
1668049338 567
1668062022 568
1668580532 569
1668580557 570
1669879483 571
1670205868 572
1672716850 573
1673349820 574
1675328535 575
1676958843 576
1677483334 577
1677556177 578
1678428528 579
1678429424 580
1678441710 581
1678698253 582
1678860659 583
1679989662 584
1679990400 585
1679990872 586
1680074035 587
1680509177 588
1686732386 589
1686883622 590
1686902462 591
1687168962 592
1687225142 593
1687680146 594
1688026863 595
1688542319 596
1688546762 597
1688548417 598
1688615465 599
1688624115 600
1688695800 601
1689057711 602
1689153911 603
1689315248 604
1689586212 605
1689745992 606
1689932327 607
1690170360 608
1690184322 609
1691045187 610
1693798343 611
1699500199 612
1699500218 613
1700538793 614
1700538838 615
1702019966 616
1703064145 617
1703065753 618
1704683392 619
1704700182 620
1704788231 621
1704789493 622
1704789514 623
1704953653 624
1705650101 625
1705655540 626
1705656743 627
1705657085 628
1706782419 629
1706782430 630
1706853699 631
1708421695 632
1709177767 633
1709628363 634
1709629994 635
1710922306 636
1711530470 637
1711532987 638
1712049470 639
1712544444 640
1713252388 641
1713770383 642
1714112923 643
1715061767 644
1715073930 645
1715074690 646
1715161633 647
1715246022 648
1716961376 649
1716961411 650
