1574749142 461
1574749916 465
1574751377 542
1574767237 3559
1574817929 3569
1574838462 3644
1574841889 3647
1574842123 3648
1574912358 5226
1576057402 5933
1576131467 5983
1576146912 5993
1576482583 5994
1576495615 6014
1576838661 6173
1577175730 6471
1577177467 6480
1577243310 6542
1577341956 6596
1577344048 6599
1577704420 6603
1577952416 6689
1578019788 6702
1578035447 6879
1578036091 6881
1578382348 6891
1578382403 6899
1578450117 6959
1578555194 7045
1580534114 7046
1584610602 7052
1585208866 7065
1585910610 7082
1588075390 8198
1589973180 8252
1589973349 8266
1591177136 10427
1593497866 10526
1594206925 10581
1594819600 10627
1594821213 10632
1594969900 10747
1595494621 10777
1596105959 11039
1596105994 13314
1596538234 13315
1597646322 13502
1597654120 17832
1597660634 18168
1597662259 18465
1597669491 18576
1597670021 18577
1597916702 22992
1597916779 23113
1597980000 23114
1598166441 23128
1598169331 23188
1598175193 23262
1598235763 23268
1598241582 23269
1598274943 23417
1598358128 23502
1598448591 23747
1598527102 23780
1598844253 23931
1598954880 24028
1599112894 24041
1599114908 24165
1599115111 24166
1599120197 24169
1599124228 24169
1599453133 24736
1599453280 25368
1599469006 25396
1599474646 25802
1599533198 25806
1599805028 25829
1600068485 25853
1600161204 26002
1600223578 26004
1600223770 26011
1600328821 26049
1600329651 26051
1600332116 26052
1600335186 26076
1600335369 26082
1600336043 26091
1600337597 26104
1600343931 26142
1600344269 26150
1600344586 26153
1600347968 26171
1600399459 26197
1600399475 26205
1600670547 26206
1600843051 26342
1600843061 26342
1600943227 26343
1601005180 26356
1601005201 26356
1601194334 26643
1601196446 26795
1601196541 26796
1601197893 26826
1601199174 26827
1601199606 26951
1601200181 26951
1601200916 26952
1602829459 27078
1602835597 27081
1602841609 27083
1603095912 27187
1603105262 27428
1603190647 28038
1603190926 28039
1603191446 28040
1603276798 28065
1603277658 28065
1603277863 28067
1603332119 28068
1603785918 28168
1603790239 28168
1604316894 28176
1604316907 28176
1605096189 28658
1606121983 28702
1606122095 28702
1606202389 28704
1606205936 28707
1606207955 28708
1606805413 28709
1607065453 28770
1607339413 28775
1607583512 28868
1607585666 28926
1607590661 28949
1607590852 28950
1607590994 28951
1607599586 28953
1607600043 28962
1607660045 28973
1607660117 28973
1607673553 28973
1607673596 28974
1607674018 28974
1607921339 29092
1607926590 29093
1607928150 29105
1607935487 29140
1607936498 29144
1608002617 29149
1608003990 29173
1608005000 29203
1608005192 29204
1608005698 29233
1608006255 29237
1608006355 29239
1608028264 29748
1608086564 29761
1608099846 29763
1608100768 29882
1608100938 29888
1608106270 29903
1608107233 29905
1608110837 29908
1608712622 29909
1608794029 30190
1608795162 30193
1608797157 30211
1608798841 30245
1608799088 30247
1608868651 30348
1608878820 30424
1608880270 30425
1608886194 30427
1608890494 30532
1609226639 30533
1609402266 30553
1610436548 30564
1610504340 30566
1611126694 30578
1611133532 30581
1611196460 30759
1611202328 31258
1611284721 31281
1611289595 31283
1611296604 31395
1611902072 31397
1611903167 31398
1612346348 31428
1612346561 31429
1612347962 31432
1612349168 31435
1615197593 31509
1615205176 31514
1615518096 31530
1615528797 31530
1616053166 31603
1617170109 31673
1617177054 31686
1617262835 31749
1617327234 31836
1617328472 31851
1617331089 31855
1617331363 31856
1617333093 31891
1617333368 31892
1617774476 31893
1617780319 31903
1617850066 31936
1617872834 31945
1617935331 31957
1617938601 31963
1618209478 32096
1618209540 32096
1618211273 32096
1618211653 32098
1618284794 32322
1618285309 32330
1618285410 32331
1618286456 32336
1618292217 32340
1618293316 32344
1618293575 32356
1618296414 32377
1618296606 32379
1618296725 32389
1618302257 32544
1618302450 32545
1618302694 32564
1618302895 32565
1618303083 32571
1618303366 32595
1618303508 32597
1618304120 32598
1618304565 32604
1618304944 32605
1618308738 32672
1618308921 32673
1618309597 32683
1618310178 32693
1618310885 32695
1618311468 32700
1618379719 32722
1618454292 32723
1618476143 32726
1618476701 32728
1618477604 32729
1618480316 32788
1618540597 32800
1618543958 32810
1618552857 32836
1618553480 32837
1618557107 32848
1619077554 32876
1619318699 32881
1619339249 32899
1619339973 32899
1619599242 32945
1619600003 32964
1621242024 32967
1621824875 32976
1623400780 33628
1623401063 33629
1623401271 33631
1623401377 33632
1623401593 33638
1623401880 33647
1623402775 33653
1623403944 33659
1623830925 33660
1623832776 33667
1623833605 33675
1623834410 33677
1623838014 33733
1623838221 33734
1623838325 33735
1623839762 33770
1623841031 33801
1623852602 33812
1623854253 33820
1623854793 33827
1623855770 33833
1623898194 33835
1623898304 33837
1623898627 33841
1623898860 33851
1623899454 33853
1623910083 33935
1623910526 33940
1623911559 33944
1623916789 33966
1624352225 33970
1625120080 33971
1625465757 33973
1625623655 34005
1625650885 34056
1625652445 34154
1625653065 34190
1625708591 34191
1625708707 34201
1625710075 34222
1625710345 34264
1625710487 34265
1625710579 34272
1625710830 34273
1625711485 34274
1625711771 34607
1625711971 34608
1625712064 34609
1625712443 34614
1625726277 34635
1625728141 34657
1625797980 34730
1625821494 34743
1626248842 34923
1626249152 34924
1626249482 34927
1626251080 34941
1626252446 34943
1626254668 34955
1626255993 34968
1626256041 34968
1626256108 34969
1626256166 34979
1626256501 34989
1626340128 35007
1626340201 35031
1626403026 35038
1626681211 35057
1626686636 35087
1626767369 35095
1626937017 35098
1626937044 35098
1626937859 35104
1626938119 35105
1627020927 35180
1627024517 35221
1627024684 35225
1627024835 35227
1627025754 35228
1627026430 35229
1627026585 35230
1627026668 35231
1627029224 35237
1627441538 35273
1627526574 35278
1627526694 35282
1627528922 35286
1627529496 35296
1627529998 35297
1627531239 35309
1627531333 35310
1627540661 35311
1627541553 35316
1627981317 35405
1628127881 35407
1628243566 35412
1628243960 35412
1629858605 35581
1629943519 35582
1629943684 35590
1629956799 35679
1629957798 35686
1629964890 35697
1630290100 35701
1630290215 35701
1630292192 35713
1630292458 35718
1630293065 35888
1630293199 35891
1630293391 35933
1630295302 35942
1630392590 35943
1630921717 35990
1631091413 36017
1631241279 36017
1632390770 36519
1632395083 36523
1632414257 36565
1632732821 36573
1632909690 36615
1633749518 36622
1633749711 36628
1634019078 36631
1634021536 36663
1634630833 36667
1635305444 36682
1635306212 36714
1635402360 36725
1635410517 36974
1635411060 36989
1635413604 36994
1635472399 37058
1637223806 37298
1637224328 37301
1637230253 37971
1637288094 37979
1637289891 37993
1637290316 41651
1637290340 41651
1637290618 41654
1637637346 41680
1637742180 41680
1638174516 41692
1638256807 41730
1638344406 41735
1638352401 41737
1638355149 41738
1638408843 41744
1638429400 41751
1638774865 41756
1638777806 41765
1638944866 41768
1639030250 41820
1639036054 41822
1639100253 41830
1639100361 41831
1639101021 41832
1639532578 41834
1639964171 41884
1640054603 41915
1640678020 41981
1641457676 42077
1641457750 42135
1641539331 42139
1641541770 42141
1641801238 42190
1641979711 42193
1642040195 42206
1642041663 42218
1642573737 42256
1642573769 42293
1642574293 42297
1642642946 42297
1642664209 42357
1644199862 42369
1644199899 42435
1644638950 42441
1644991642 43079
1644991761 43081
1644992270 43083
1644992880 43084
1644993417 43085
1645001027 43097
1645001099 43099
1645070404 43119
1645431181 43133
1645512666 43157
1645581791 43158
1646027776 43168
1646962536 43172
1647849041 43212
1647849249 43216
1648017091 43241
1648106834 43259
1648607253 43261
1648622798 43273
1648888860 43278
1649407453 47347
1649758180 47412
1649822600 47829
1649992189 47844
1650419998 47846
1650420618 47849
1650424985 47852
1650444866 47853
1650792374 47861
1650952919 47882
1651045018 48012
1651729842 48318
1651730804 48321
1651731226 48322
1652169928 48326
1652175334 48331
1652241817 48464
1652413023 48468
1652428481 48490
1652672547 48513
1652679287 48518
1652690669 49252
1652755775 49264
1652767054 49265
1652767566 49430
1652777217 49431
1652778637 49432
1652837571 49433
1652854628 49471
1653302615 49475
1653379774 49478
1653444644 49481
1653448570 49484
1653559988 49619
1653560263 49620
1653560774 49625
1653562203 49628
1653562831 49633
1653564105 49633
1653564135 49633
1653565380 49635
1653631528 49649
1653631557 49649
1653642001 49663
1653642190 49663
1653980536 49676
1653980899 49677
1653981825 49682
1654063146 49690
1654063175 49690
1654071382 49757
1654076598 49787
1654133994 49807
1654134008 49807
1654587418 49813
1654587434 49813
1654671491 49824
1654744359 50172
1654851613 50820
1655089905 50834
1655378354 50836
1655378374 50836
1655381492 50839
1655381510 50839
1655430584 50840
1655433002 50846
1656485491 50853
1656491041 50858
1656645384 50859
1656645400 50859
1656906095 50907
1657001332 50911
1657244014 50915
1658908992 50918
1658990193 50927
1658995717 50949
1659342630 50950
1659345336 51309
1659434431 51321
1659434440 51321
1659680784 51327
1659684696 51330
1659690211 52385
1660034544 52416
1660034723 52417
1660114555 52442
1660189908 52455
1661500164 52462
1661502871 52467
1662011260 52559
1662101301 52578
1662115353 52601
1662618332 52611
1662618343 52611
1662625013 52648
1662627386 52649
1662629216 52650
1663576914 52663
1663576997 52663
1663577438 52664
1663659388 52690
1663727472 52815
1663898834 52821
1664172836 52832
1664335893 52844
1666000646 52845
1667547748 52846
1668049338 53113
1668062022 53124
1668580532 53148
1668580557 53148
1669879483 53363
1670205868 53365
1672716850 53370
1673349820 53376
1675328535 53436
1676958843 53437
1677483334 53480
1677556177 53515
1678428528 53564
1678429424 53578
1678441710 53583
1678698253 53591
1678860659 53593
1679989662 53594
1679990400 53603
1679990872 53606
1680074035 53611
1680509177 53612
1686732386 53921
1686883622 53923
1686902462 53936
1687168962 53952
1687225142 53953
1687680146 53961
1688026863 58671
1688542319 58981
1688546762 58993
1688548417 59043
1688615465 59146
1688624115 59151
1688695800 59222
1689057711 59328
1689153911 59330
1689315248 63933
1689586212 64496
1689745992 65342
1689932327 65354
1690170360 65356
1690184322 65357
1691045187 65364
1693798343 65365
1699500199 65371
1699500218 65371
1700538793 65437
1700538838 65437
1702019966 66254
1703064145 66256
1703065753 66257
1704683392 66265
1704700182 66267
1704788231 66317
1704789493 66431
1704789514 66431
1704953653 66472
1705650101 66759
1705655540 66760
1705656743 66761
1705657085 66765
1706782419 66940
1706782430 66940
1706853699 66941
1708421695 66952
1709177767 66996
1709628363 66998
1709629994 67000
1710922306 67003
1711530470 67340
1711532987 67356
1712049470 67368
1712544444 67372
1713252388 67377
1713770383 67411
1714112923 67419
1715061767 67420
1715073930 67421
1715074690 67432
1715161633 67436
1715246022 67457
1716961376 67473
1716961411 67473
