1556012388 0
1556017719 3706
1556110094 4062
1556157998 3957
1556161073 3997
1556161312 3997
1556182476 4574
1556182542 4574
1556193912 4593
1556195658 4608
1556195879 4610
1556198133 4622
1556200721 4637
1556201035 4639
1556201100 4639
1556420283 4639
1556433388 4614
1556436316 4626
1556446137 4626
1556614465 4691
1558338221 4718
1558338228 4832
1558351081 5132
1558352229 4988
1558353388 4980
1558403013 5015
1558494132 5017
1558522462 5030
1558592771 5442
1558593541 5442
1558593923 5055
1558594180 5055
1558596965 5055
1558609046 4964
1558609284 5094
1558609951 5094
1558613471 5101
1558670657 5089
1558670943 5089
1558674254 5079
1558681056 5081
1559216348 5242
1559290575 5264
1560140214 5349
1560158766 5349
1560167696 5349
1560219023 5349
1560415572 5355
1561362206 5353
1561542339 5368
1562227865 5555
1562291290 5556
1562298470 5569
1562549459 5598
1562758407 5704
1562760637 5718
1562812295 5706
1562814299 5708
1562847384 5708
1563768130 5712
1565953502 5771
1566211392 5770
1566284191 5770
1566292916 5764
1566872674 5764
1566898082 5762
1567044105 5761
1567411110 5918
1567429401 5967
1567434425 5970
1571364153 5971
1574145541 6018
1574307778 6085
1574651507 6086
1575458528 6087
1576839055 6204
1577177564 6237
1577243274 6216
1577341978 6244
1577344070 6245
1577952869 6272
1578019825 6281
1578035507 6281
1578036124 6281
1578382424 6150
1578555248 6102
1584610678 6102
1588075436 7152
1589973257 7164
1589973382 7165
1591177313 6285
1596106039 5259
1597660672 5401
1597669473 5421
1597916789 5606
1598174984 5592
1598947908 5593
1599453156 5521
1599453300 5732
1599479143 5766
1600922428 5335
1600924929 5337
1600928341 5336
1600929107 5336
1601017526 5127
1601017535 5127
1601017636 5127
1605096415 5400
1606986401 5400
1607339436 5401
1607583555 5274
1607585708 5274
1607588965 5277
1608706439 5259
1611108993 5270
1611109029 5270
1611109122 5270
1611109906 5328
1611110670 5344
1611110901 5352
1611110948 5352
1611111784 5360
1611112069 5360
1611205226 5361
1611235936 5341
1612232022 5343
1612232040 5341
1626774394 5777
1626774463 5935
1628243578 5924
1629017350 5927
1629964904 5932
1635306257 5960
1635306268 5965
1635413615 5967
1637223722 6090
1637742215 6090
1638174505 6092
1638256766 6128
1638327991 6128
1638429428 6122
1638516703 6123
1640054561 6152
1649407427 6162
1649758277 6148
1649822625 6413
1649992744 6410
1652694049 6410
1652694292 6409
1652767538 6318
1653546717 6622
1653558395 6659
1653559066 6661
1653560857 6667
1653560915 6668
1653564887 6664
1653632864 6695
1653641719 6880
1654047804 6881
1654084507 6882
1659495996 6910
1659496007 6914
1659496424 6914
1659515698 6915
1659599539 6916
1659667466 6958
1659667595 6958
1662368919 6959
1662368934 6971
1678697494 7601
1678700752 7601
1678702416 7606
1678703049 7608
1678703158 7608
1678705843 7612
1678705886 7612
1678782850 7612
1682401642 7690
1682401655 7690
1688025334 7726
1691045220 7731
