1717383139 0 0 4780
1717383441 0 0 4782
1717556452 0 0 4783
1717635146 1579 0 4783
1717644356 2584 0 4783
1717654731 2665 0 4783
1717658692 2784 0 4783
1717661707 3192 0 4783
1717663716 3613 0 4783
1717664911 3968 0 4783
1717665899 4330 0 4783
1717668249 4757 0 4783
1717727434 4923 0 4783
1717728324 5112 0 4783
1717732417 5112 148 4783
1717732426 5112 148 4783
1717739896 5527 148 4783
1717741708 5527 154 4783
1717742180 5527 154 4783
1717746207 5981 154 4783
1717748445 6427 154 4783
1717748784 6435 154 4783
1717751715 6476 154 4783
1717755134 6502 154 4783
1718073891 6510 154 4783
1718088362 6552 154 4783
1718098966 6556 154 4783
1718099556 6560 154 4783
1718157333 6577 154 4783
1718158837 6579 154 4783
1718159708 6580 154 4783
1718159773 6581 154 4783
1718161459 6582 154 4783
1718161535 6583 154 4783
