1552550257 1
1552564627 2
1552564694 3
1552640439 4
1552640461 5
1552641938 6
1552732512 7
1552912026 8
1552912046 9
1552915116 10
1552915138 11
1553002501 12
1553002516 13
1553048432 14
1553048455 15
1553064246 16
1553066038 17
1553066051 18
1553073370 19
1553087409 20
1553087425 21
1553088220 22
1553150899 23
1553150925 24
1553152616 25
1553152627 26
1553158643 27
1553161215 28
1553170102 29
1553170139 30
1553216552 31
1553216565 32
1553218571 33
1553246123 34
1553307645 35
1553308853 36
1553308895 37
1553310145 38
1553310161 39
1553310798 40
1553310823 41
1553311178 42
1553311573 43
1553311588 44
1553504796 45
1553504839 46
1557405721 47
1557405784 48
1557905592 49
1557905907 50
1557990278 51
1557990296 52
1557991012 53
1558006510 54
1558006543 55
1558061279 56
1558083178 57
1558083218 58
1558336313 59
1558336378 60
1558494001 61
1558522177 62
1558576684 63
1558597339 64
1558608809 65
1558681676 66
1558682105 67
1558688227 68
1558920534 69
1558920885 70
1558921800 71
1558948821 72
1559118401 73
1559216266 74
1559229490 75
1559283520 76
1559285156 77
1559290601 78
1559290621 79
1559292767 80
1559297673 81
1559613360 82
1559613391 83
1559647194 84
1559647236 85
1559653143 86
1559654919 87
1559697564 88
1559697712 89
1559699307 90
1559715625 91
1559742207 92
1559742300 93
1559787437 94
1559788451 95
1559791497 96
1559801786 97
1560140141 98
1560140173 99
1560158581 100
1560165114 101
1560167732 102
1560170334 103
1560172665 104
1560223782 105
1560234975 106
1560235687 107
1560236858 108
1560240133 109
1560245164 110
1560255224 111
1560256436 112
1560304361 113
1560311208 114
1560326004 115
1560326078 116
1560334867 117
1560344722 118
1560345150 119
1560395056 120
1560406456 121
1560409408 122
1560415216 123
1560415310 124
1560415520 125
1560426161 126
1560506487 127
1560513643 128
1560735758 129
1560767669 130
1560770579 131
1560774009 132
1560777226 133
1560780456 134
1560780531 135
1560780616 136
1560849834 137
1560849871 138
1560851317 139
1560852276 140
1560855571 141
1560929668 142
1560933762 143
1560938216 144
1560939560 145
1560952975 146
1560953252 147
1560954355 148
1561106910 149
1561109206 150
1561110095 151
1561110526 152
1561110544 153
1561110667 154
1561343301 155
1561362167 156
1561447021 157
1561447049 158
1561542223 159
1561605241 160
1561616482 161
1561624739 162
1561642031 163
1561643572 164
1561645867 165
1561645884 166
1561647000 167
1561687290 168
1561691114 169
1561692961 170
1561693403 171
1561704134 172
1561716325 173
1561977128 174
1561977164 175
1562066573 176
1562150119 177
1562155945 178
1562227937 179
1562228052 180
1562228195 181
1562228315 182
1562290941 183
1562298492 184
1562320753 185
1562638951 186
1562653676 187
1562661921 188
1562724417 189
1562730067 190
1562741111 191
1562742414 192
1562742947 193
1562744004 194
1562747656 195
1562753228 196
1562812402 197
1562814272 198
1562830980 199
1562831000 200
1562849060 201
1562849452 202
1562914536 203
1562920318 204
1562921563 205
1562924130 206
1562927926 207
1562929452 208
1562933370 209
1563159822 210
1563162285 211
1563182466 212
1563183577 213
1563263911 214
1563273970 215
1563274871 216
1563275672 217
1563328921 218
1563335855 219
1563355641 220
1563363280 221
1563415462 222
1563419949 223
1563438774 224
1563442179 225
1563446269 226
1563446281 227
1563447556 228
1563448034 229
1563450546 230
1563451860 231
1563780496 232
1563781269 233
1563868748 234
1563869799 235
1563871210 236
1563874339 237
1563936628 238
1563948693 239
1563952483 240
1563959354 241
1564022089 242
1564022920 243
1564023662 244
1564046986 245
1564113640 246
1564129955 247
1564132948 248
1564135207 249
1564137180 250
1564386882 251
1564451343 252
1564481263 253
1564561856 254
1564567982 255
1564570994 256
1564643325 257
1564656591 258
1564730566 259
1565073853 260
1565227758 261
1565227796 262
1565252587 263
1565253378 264
1565254166 265
1565254326 266
1565255546 267
1565257257 268
1565267621 269
1565361676 270
1565666813 271
1565684544 272
1565693283 273
1565783390 274
1565839884 275
1565861137 276
1565925537 277
1565946917 278
1565953557 279
1565954558 280
1566202886 281
1566211464 282
1566267439 283
1566271483 284
1566275954 285
1566284292 286
1566351676 287
1566352803 288
1566373221 289
1566383451 290
1566386421 291
1566466188 292
1566544108 293
1566548270 294
1566554249 295
1566558212 296
1566558255 297
1566802791 298
1566871045 299
1566890885 300
1566897494 301
1566906357 302
1566973838 303
1566994893 304
1566996825 305
1567044190 306
1567049312 307
1567070673 308
1567079214 309
1567152369 310
1567387849 311
1567405486 312
1567411148 313
1567429443 314
1567476357 315
1567517741 316
1567518797 317
1567518823 318
1567564409 319
1567565348 320
1567570379 321
1567570421 322
1567598112 323
1567653969 324
1567674475 325
1567674638 326
1567681105 327
1567683899 328
1567684625 329
1567689078 330
1568030020 331
1568030374 332
1568102458 333
1568106927 334
1568110448 335
1568113604 336
1568118571 337
1568119219 338
1568119317 339
1568119957 340
1568166042 341
1568186773 342
1568186943 343
1568195904 344
1568250776 345
1568281411 346
1568282885 347
1568630704 348
1568701873 349
1568717946 350
1568719830 351
1568771134 352
1568794242 353
1568797413 354
1568802047 355
1568806018 356
1568812503 357
1568856980 358
1568857796 359
1568858629 360
1568861887 361
1568880534 362
1568882059 363
1568884244 364
1568890751 365
1568893147 366
1568896454 367
1568901094 368
1568949192 369
1568971922 370
1568974828 371
1568975328 372
1569224701 373
1569229493 374
1569231820 375
1569232069 376
1569320783 377
1569550937 378
1569554517 379
1569572703 380
1569833167 381
1569837522 382
1570506565 383
1570517394 384
1570517486 385
1570531144 386
1570534175 387
1570584666 388
1570586425 389
1570602289 390
1570613163 391
1570613239 392
1570674447 393
1570674590 394
1570676731 395
1570677764 396
1570678428 397
1570680088 398
1570681123 399
1570688935 400
1570691833 401
1570759236 402
1570760150 403
1570774618 404
1570780128 405
1570783684 406
1570784230 407
1570784305 408
1570843910 409
1570863552 410
1570863607 411
1570876774 412
1570877155 413
1570879055 414
1571018230 415
1571037626 416
1571050611 417
1571105409 418
1571132167 419
1571132957 420
1571196530 421
1571215476 422
1571215553 423
1571277544 424
1571302531 425
1571391859 426
1571729472 427
1571824392 428
1571912274 429
1571913100 430
1571913770 431
1571916810 432
1571988872 433
1571992491 434
1571996483 435
1572000527 436
1572231088 437
1572245806 438
1572250044 439
1572313049 440
1572313386 441
1572316436 442
1572318514 443
1572330686 444
1572333699 445
1572339988 446
1572341200 447
1572341693 448
1572342206 449
1572343885 450
1572344084 451
1572347377 452
1572348151 453
1572349310 454
1572406882 455
1572407936 456
1572426537 457
1572427288 458
1572427951 459
1572493030 460
1572507177 461
1572507518 462
1572514943 463
1572574952 464
1572579086 465
1572579422 466
1572579666 467
1572579887 468
1572594342 469
1572603643 470
1572604452 471
1572604704 472
1572834927 473
1572835850 474
1572837785 475
1572848840 476
1572851141 477
1572851694 478
1572858931 479
1572865528 480
1572925039 481
1573179444 482
1573197784 483
1573459527 484
1573540621 485
1573543883 486
1573633649 487
1574128865 488
1574145278 489
1574150851 490
1574154796 491
1574166120 492
1574166552 493
1574307825 494
1574319350 495
1574389400 496
1574394900 497
1574395047 498
1574407124 499
1574410029 500
1574478858 501
1574479420 502
1574497759 503
1574500661 504
1574510091 505
1574645842 506
1574646164 507
1574647008 508
1574651534 509
1574767116 510
1574856957 511
1574905815 512
1574912226 513
1574992120 514
1575013448 515
1575013619 516
1575014222 517
1575022102 518
1575023831 519
1575256088 520
1575275056 521
1575343767 522
1575359363 523
1575361895 524
1575362644 525
1575365292 526
1575366344 527
1575367553 528
1575370629 529
1575376803 530
1575424799 531
1575427870 532
1575430628 533
1575442220 534
1575443415 535
1575443684 536
1575444637 537
1575445432 538
1575445867 539
1575455402 540
1575458105 541
1575458554 542
1575459444 543
1575460039 544
1575464777 545
1575465054 546
1575469448 547
1575475307 548
1575478250 549
1575528217 550
1575531105 551
1575536959 552
1575546051 553
1575547403 554
1575549660 555
1575557014 556
1575595691 557
1575597367 558
1575616412 559
1575621308 560
1575621563 561
1575862654 562
1575881113 563
1575886816 564
1575887196 565
1575949346 566
1575961349 567
1575972204 568
1575975657 569
1576057303 570
1576058240 571
1576134182 572
1576137164 573
1576138284 574
1576147244 575
1576465945 576
1576495495 577
1576496263 578
1576496427 579
1576499312 580
1576554318 581
1576554576 582
1576565837 583
1576633481 584
1576652058 585
1576661358 586
1576664787 587
1576727040 588
1576738873 589
1576837833 590
1577099967 591
1577173627 592
1577243073 593
1577246597 594
1577262839 595
1577342005 596
1577344093 597
1577362379 598
1577773342 599
1577773853 600
1577779469 601
1577787361 602
1577790053 603
1577790465 604
1577953020 605
1578019855 606
1578035577 607
1578036150 608
1578291975 609
1578300076 610
1578300654 611
1578362419 612
1578367980 613
1578368669 614
1578368692 615
1578380916 616
1578390331 617
1578390345 618
1578396848 619
1578399891 620
1578403208 621
1578446246 622
1578451116 623
1578452611 624
1578453508 625
1578555280 626
1578555925 627
1578651537 628
1579080211 629
1579141543 630
1580218206 631
1580218380 632
1580374279 633
1580374468 634
1580377470 635
1580384405 636
1580384792 637
1580385764 638
1580798837 639
1580903307 640
1581085228 641
1581087475 642
1581170700 643
1581174333 644
1581174359 645
1581316136 646
1581321113 647
1581408579 648
1581423679 649
1581424843 650
1581426572 651
1581508627 652
1581513755 653
1581513820 654
1581515431 655
1581516232 656
1581518365 657
1581679049 658
1581925660 659
1581939419 660
1582034122 661
1582122359 662
1582175040 663
1582186025 664
1582201230 665
1582210759 666
1582532950 667
1582774071 668
1582968696 669
1582975509 670
1582976122 671
1582988168 672
1583041875 673
1583207711 674
1583209042 675
1583209365 676
1583219095 677
1583220272 678
1583253398 679
1583376124 680
1583377766 681
1583994207 682
1583994760 683
1584427411 684
1584606456 685
1584606978 686
1585208843 687
1585654126 688
1585910565 689
1586332430 690
1586948566 691
1587547276 692
1588073745 693
1588075523 694
1588998271 695
1589973440 696
1589973540 697
1590389165 698
1590475039 699
1590484325 700
1590566713 701
1591177017 702
1591177071 703
1593498059 704
1593572524 705
1593601555 706
1593603847 707
1593604242 708
1593604269 709
1593656853 710
1593656881 711
1593678003 712
1593679018 713
1593686001 714
1594276242 715
1594609001 716
1594708431 717
1594708917 718
1594819628 719
1594867615 720
1594894443 721
1594969938 722
1594981733 723
1595576845 724
1595577889 725
1595821923 726
1596017349 727
1596017825 728
1596106345 729
1596166688 730
1596191191 731
1596539694 732
1596619812 733
1596789761 734
1596789935 735
1597051112 736
1597645975 737
1597646161 738
1597659236 739
1597662243 740
1597663173 741
1597663683 742
1597669524 743
1597819260 744
1597834299 745
1597890342 746
1597890664 747
1598174826 748
1598235874 749
1598354098 750
1598444037 751
1598947938 752
1598953901 753
1598956287 754
1599052154 755
1599101368 756
1599101390 757
1599101642 758
1599104077 759
1599106736 760
1599107017 761
1599124279 762
1599189064 763
1599189423 764
1599192498 765
1599213729 766
1599453455 767
1599469043 768
1599474669 769
1599533414 770
1599565130 771
1599567703 772
1599634539 773
1599634718 774
1599727611 775
1599736980 776
1599737445 777
1599789383 778
1599805164 779
1599821773 780
1600069703 781
1600070359 782
1600159576 783
1600230196 784
1600230249 785
1600316517 786
1600332537 787
1600332617 788
1600345153 789
1600416266 790
1600741002 791
1600743183 792
1600745365 793
1600755624 794
1600762872 795
1600826177 796
1600826205 797
1600842639 798
1600842957 799
1600943237 800
1600943270 801
1601006483 802
1601006491 803
1601286899 804
1602829627 805
1602829640 806
1603765748 807
1603794507 808
1604041307 809
1604041450 810
1604392620 811
1604569130 812
1605095294 813
1605239338 814
1605241270 815
1606380136 816
1606380192 817
1606472082 818
1606810002 819
1606810033 820
1607339524 821
1607339532 822
1607585843 823
1609402408 824
1611202354 825
1611284839 826
1611296665 827
1612422583 828
1612422801 829
1615197748 830
1615205216 831
1615518153 832
1615528844 833
1617262896 834
1619599298 835
1628243667 836
1628243764 837
1629965123 838
1635306570 839
1635413724 840
1637222047 841
1637742526 842
1638174392 843
1638256610 844
1638327956 845
1638352331 846
1640054360 847
1649406589 848
1649758608 849
1649822827 850
1649992990 851
1652767431 852
1656490857 853
1658990130 854
1660189752 855
1680509426 856
1688027642 857
1691045384 858
