1552550257 117
1552564627 179
1552564694 180
1552640439 217
1552640461 421
1552641938 474
1552732512 505
1553064246 985
1553073370 985
1553087409 1078
1553087425 1115
1553088220 1133
1553170102 1145
1553170139 1145
1553216552 1143
1553216565 1353
1553218571 1355
1553246123 1855
1553310145 1855
1553310161 1863
1553310798 1915
1553310823 1915
1553311178 1930
1553311573 1931
1553311588 1933
1553504796 1980
1553504839 1980
1557905592 2987
1557905907 2998
1557990278 3079
1557990296 3223
1557991012 3236
1558006510 3164
1558006543 3185
1558061279 3185
1558083178 3358
1558083218 3261
1558336313 3253
1558336378 3363
1558681676 3386
1558682105 3374
1558688227 3427
1558920534 3475
1558920885 3575
1558921800 3616
1558948821 3616
1559118401 3616
1559216266 3871
1559229490 3962
1559283520 3927
1559285156 3927
1559290601 3948
1559290621 3747
1559292767 3750
1559297673 3751
1559613360 3751
1559613391 3754
1559647194 3732
1559647236 3763
1559653143 3762
1559654919 3752
1559697564 3846
1559697712 3864
1559699307 3864
1559715625 3913
1559742207 4148
1559742300 4150
1559787437 4171
1559788451 4181
1559791497 4176
1559801786 4182
1560140141 4335
1560140173 4434
1560158581 4434
1560165114 4355
1560167732 4355
1560223782 4367
1560234975 4378
1560235687 4383
1560236858 4384
1560240133 4397
1560245164 4398
1560255224 4487
1560256436 4487
1560304361 4507
1560311208 4555
1560326004 4698
1560326078 4707
1560334867 4750
1560344722 4900
1560345150 4933
1560395056 4946
1560406456 5011
1560409408 5061
1560415216 5126
1560415310 5172
1560415520 5178
1560426161 5242
1560506487 5278
1560513643 5280
1560735758 5280
1560767669 5297
1560780456 5302
1560780531 5308
1560780616 5308
1560849834 5308
1560849871 5304
1560851317 5313
1560852276 5317
1560855571 5326
1560929668 5350
1560933762 5364
1560938216 5368
1560939560 5382
1560952975 5440
1560953252 5447
1560954355 5450
1561106910 6211
1561109206 6212
1561110095 6209
1561110526 6205
1561110544 6205
1561110667 6206
1561343301 6231
1561362167 6229
1561447021 6224
1561447049 5473
1561542223 5488
1561624739 5495
1561645867 5505
1561645884 5374
1561647000 5374
1561687290 5374
1561691114 5375
1561692961 5404
1561693403 5404
1561704134 5406
1561716325 5409
1561977128 5536
1561977164 5523
1562066573 5602
1562290941 5602
1562638951 5716
1562812402 5704
1562814272 5706
1562830980 5706
1562831000 5708
1562849060 5615
1562849452 5700
1563159822 5721
1563162285 5583
1563182466 5676
1563183577 5676
1563263911 5865
1563273970 5886
1563274871 5894
1563275672 5894
1563328921 5901
1563335855 5904
1563355641 5960
1563363280 5999
1563415462 5571
1563419949 5644
1563438774 5700
1563442179 5744
1563446269 5760
1563446281 5857
1563447556 5870
1563448034 5872
1563450546 5872
1563451860 5867
1563780496 5964
1563781269 5934
1563868748 6284
1563869799 6286
1563871210 6290
1563874339 6349
1563936628 6351
1563948693 6359
1563952483 6359
1563959354 6357
1564022089 6459
1564022920 6461
1564023662 6460
1564046986 6477
1564113640 6488
1564129955 6510
1564132948 6515
1564135207 6534
1564137180 6534
1564386882 6853
1564451343 6885
1564481263 6885
1564561856 7663
1564567982 7672
1564570994 7685
1564643325 7690
1564656591 7690
1564730566 7690
1565073853 7696
1565252587 7774
1565253378 7780
1565254166 7797
1565254326 7799
1565255546 7804
1565257257 7815
1565267621 7849
1565361676 7869
1565666813 7957
1565684544 8150
1565693283 8291
1565783390 8595
1565839884 8596
1565861137 8641
1565925537 8734
1565946917 8742
1565953557 8742
1565954558 8743
1566351676 8768
1566352803 8768
1566373221 8779
1566383451 8813
1566386421 8820
1566466188 8831
1566544108 8836
1566548270 8837
1566554249 8857
1566558212 8867
1566558255 8886
1566802791 8927
1566890885 8777
1566897494 8779
1566906357 9245
1566973838 8779
1566994893 9249
1566996825 9273
1567044190 9272
1567049312 9885
1567070673 9885
1567079214 9966
1567152369 10055
1567387849 10053
1567405486 10067
1567411148 10224
1567429443 10231
1567476357 10233
1567564409 10233
1567565348 10233
1567598112 10263
1567653969 10264
1567674475 10265
1567674638 10266
1567681105 10326
1567683899 10343
1567684625 10343
1567689078 10884
1574905815 10884
1574912226 10884
1574992120 10850
1575013448 11040
1575013619 11140
1575014222 11140
1575022102 11176
1575023831 11176
1575256088 11206
1575275056 11466
1575343767 11488
1575359363 11498
1575361895 11479
1575362644 11479
1575365292 11486
1575366344 11485
1575367553 11497
1575370629 11500
1575376803 11501
1575424799 11501
1575427870 11587
1575430628 11587
1575442220 11595
1575443415 11594
1575443684 11593
1575444637 11595
1575445432 11595
1575445867 11596
1575455402 11479
1575458105 11493
1575458554 11494
1575459444 11510
1575460039 11513
1575464777 11519
1575465054 11513
1575469448 11502
1575475307 11503
1575478250 11503
1575528217 11508
1575531105 11508
1575536959 11509
1575546051 11593
1575547403 11601
1575549660 11597
1575557014 11605
1575595691 11607
1575597367 11614
1575616412 11677
1575621308 11676
1575621563 11676
1575862654 11671
1575881113 12157
1575886816 12173
1575887196 12179
1575949346 12280
1575961349 12280
1575972204 12298
1575975657 12303
1576057303 12381
1576058240 12384
1576134182 12389
1576137164 12389
1576138284 12389
1576147244 12393
1576465945 12393
1576495495 12524
1576496263 12573
1576496427 12575
1576499312 12572
1576554318 12654
1576554576 12657
1576565837 12692
1576633481 12709
1576652058 12717
1576661358 12723
1576664787 12764
1576727040 12764
1576738873 12767
1576837833 12884
1577099967 12885
1577173627 12904
1577243073 12897
1577246597 12900
1577262839 12914
1577342005 12942
1577344093 12941
1577362379 12942
1577773342 12946
1577773853 12946
1577779469 12948
1577787361 12946
1577790053 12945
1577790465 12945
1577953020 12975
1578019855 12984
1578035577 12984
1578036150 12984
1578291975 13033
1578300076 13035
1578300654 13063
1578362419 12947
1578367980 12970
1578368669 12970
1578368692 12970
1578380916 12973
1578390331 12993
1578390345 12992
1578396848 12998
1578399891 13000
1578403208 13004
1578446246 13002
1578451116 13002
1578452611 12947
1578453508 12943
1578555280 12894
1578555925 12895
1578651537 12897
1579080211 12904
1579141543 12904
1580218206 12906
1580218380 12904
1580374279 12907
1580374468 12909
1580377470 12904
1580384405 12908
1580384792 12909
1580385764 12907
1580798837 12930
1580903307 12930
1581085228 12939
1581087475 12940
1581170700 17113
1581174333 19412
1581174359 19412
1581316136 19412
1581321113 40862
1581408579 40304
1581423679 40310
1581424843 40306
1581426572 40303
1581508627 22072
1581513755 27204
1581513820 27204
1581515431 27201
1581516232 27200
1581518365 27200
1581679049 26025
1581925660 26860
1581939419 26860
1582034122 26888
1582122359 27006
1582175040 27036
1582186025 27057
1582201230 27060
1582210759 27064
1582532950 27065
1582774071 27184
1582968696 27180
1582975509 27180
1582976122 27180
1582988168 27180
1583041875 27184
1583207711 27184
1583209042 27184
1583209365 27184
1583219095 27184
1583220272 27184
1583253398 27190
1583376124 27172
1583377766 27198
1583994207 27198
1583994760 27196
1584427411 27192
1584606456 27192
1584606978 27739
1585208843 27723
1585654126 27809
1585910565 27831
1586332430 27852
1586948566 27852
1587547276 27839
1588073745 27843
1588075523 27873
1588998271 27869
1589973440 27893
1589973540 27895
1590389165 27871
1590475039 27762
1590484325 27771
1590566713 27773
1591177017 27657
1591177071 27657
1593498059 26968
1593572524 26963
1593601555 26997
1593603847 27080
1593604242 27075
1593604269 27044
1593656853 27044
1593656881 27044
1593678003 27047
1593679018 27060
1593686001 27067
1594276242 27069
1594609001 27069
1594708431 27021
1594708917 27077
1594819628 27167
1594867615 27170
1594894443 27195
1594969938 27313
1594981733 27313
1595576845 27503
1595577889 27503
1595821923 27508
1596017349 229518
1596017825 229511
1596106345 229249
1596166688 229251
1596191191 228765
1596539694 228767
1596619812 228823
1596789761 229931
1596789935 229931
1597051112 230402
1597645975 235400
1597646161 235400
1597662243 235540
1597663173 235561
1597663683 235561
1597669524 235581
1597819260 235592
1597834299 235563
1597890342 235919
1597890664 235919
1598174826 235997
1598235874 235997
1598354098 236003
1598444037 231425
1598947938 231426
1598953901 231426
1598956287 231415
1599052154 231416
1599101368 231422
1599101390 231414
1599101642 231414
1599104077 231413
1599106736 231532
1599107017 231541
1599124279 231416
1599189064 231417
1599189423 231419
1599192498 231419
1599213729 231419
1599453455 231557
1599469043 231488
1599474669 231785
1599533414 231770
1599565130 34620
1599567703 34627
1599634539 34626
1599634718 34626
1599727611 35280
1599736980 35281
1599737445 35281
1599789383 35291
1599805164 35300
1599821773 35384
1600069703 35077
1600070359 35069
1600159576 35069
1600230196 35088
1600230249 35089
1600316517 35088
1600332537 35095
1600332617 35309
1600345153 35307
1601286899 32846
1602829627 32886
1602829640 32862
1603765748 32905
1603794507 32935
1604041307 33007
1604041450 33058
1604392620 33060
1604569130 33062
1605095294 33343
1605239338 33346
1605241270 33347
1606380136 33848
1606380192 33888
1606472082 33888
1606810002 33890
1606810033 34088
1607339524 34089
1607339532 34184
1607585843 34050
1609402408 34064
1611202354 33890
1611284839 33894
1611296665 33874
1612422583 33211
1612422801 33214
1615197748 33265
1615205216 33267
1615518153 33274
1615528844 33272
1617262896 33314
1619599298 33353
1628243667 33342
1628243764 33342
1629965123 33347
1635306570 33375
1635413724 33377
1637222047 33476
1637742526 33476
1638174392 33478
1638256610 33514
1638327956 33514
1638352331 33514
1640054360 33543
1649406589 33543
1649758608 33529
1649822827 33794
1649992990 33791
1652767431 33700
1656490857 33709
1658990130 33712
1660189752 33724
1680509426 33724
1688027642 33803
1691045384 33808
