1552550257 240
1552564627 240
1552564694 240
1552640439 240
1552640461 459
1552641938 459
1552732512 633
1552912026 807
1552912046 807
1552915116 912
1552915138 912
1553002501 1567
1553002516 1567
1553048432 1578
1553048455 1578
1553064246 2275
1553066038 2400
1553066051 2400
1553073370 2406
1553087409 2499
1553087425 2499
1553088220 2531
1553150899 2747
1553150925 2747
1553152616 2747
1553152627 2747
1553158643 3217
1553161215 3217
1553170102 3231
1553170139 3231
1553216552 3232
1553216565 3232
1553218571 3234
1553246123 4403
1553307645 4513
1553308853 4516
1553308895 4516
1553310145 4518
1553310161 4518
1553310798 4573
1553310823 4573
1553311178 4590
1553311573 4591
1553311588 4591
1553504796 4645
1553504839 4645
1557405721 5037
1557405784 5037
1557905592 6410
1557905907 6410
1557990278 6665
1557990296 6665
1557991012 6665
1558006510 6948
1558006543 6948
1558061279 6950
1558083178 7127
1558083218 7127
1558336313 7129
1558336378 7129
1558494001 7375
1558522177 7555
1558576684 7555
1558597339 7564
1558608809 7628
1558681676 7774
1558682105 7774
1558688227 7834
1558920534 7884
1558920885 7884
1558921800 7925
1558948821 7948
1559118401 7964
1559216266 8271
1559229490 8364
1559283520 8368
1559285156 8381
1559290601 8430
1559290621 8430
1559292767 8434
1559297673 8437
1559613360 8439
1559613391 8439
1559647194 8481
1559647236 8481
1559653143 8483
1559654919 8483
1559697564 8589
1559697712 8589
1559699307 8590
1559715625 8655
1559742207 8655
1559742300 8655
1559787437 8702
1559788451 8715
1559791497 8721
1559801786 8729
1560140141 8893
1560140173 8893
1560158581 8893
1560165114 9063
1560167732 9064
1560170334 9130
1560172665 9132
1560223782 9221
1560234975 9236
1560235687 9243
1560236858 9249
1560240133 9273
1560245164 9288
1560255224 9395
1560256436 9396
1560304361 9464
1560311208 9538
1560326004 9692
1560326078 9692
1560334867 9753
1560344722 9936
1560345150 9969
1560395056 10027
1560406456 10104
1560409408 10160
1560415216 10283
1560415310 10283
1560415520 10303
1560426161 10399
1560506487 10550
1560513643 10554
1560735758 10555
1560767669 10595
1560770579 10626
1560774009 10670
1560777226 10704
1560780456 10714
1560780531 10714
1560780616 10715
1560849834 10717
1560849871 10717
1560851317 10726
1560852276 10734
1560855571 10747
1560929668 10776
1560933762 10816
1560938216 10828
1560939560 10842
1560952975 10936
1560953252 10945
1560954355 10951
1561106910 11795
1561109206 11806
1561110095 11806
1561110526 11813
1561110544 11813
1561110667 11814
1561343301 11848
1561362167 11849
1561447021 11860
1561447049 11860
1561542223 11879
1561605241 11907
1561616482 11919
1561624739 11948
1561642031 12119
1561643572 12143
1561645867 12231
1561645884 12231
1561647000 12232
1561687290 12233
1561691114 12243
1561692961 12273
1561693403 12274
1561704134 12277
1561716325 12280
1561977128 12464
1561977164 12464
1562066573 12620
1562150119 13011
1562155945 13017
1562227937 13114
1562228052 13162
1562228195 13189
1562228315 13376
1562290941 13377
1562298492 13393
1562320753 13395
1562638951 13540
1562653676 13557
1562661921 13709
1562724417 13711
1562730067 13965
1562741111 14002
1562742414 14009
1562742947 14010
1562744004 14119
1562747656 14135
1562753228 14198
1562812402 14210
1562814272 14213
1562830980 14214
1562831000 14214
1562849060 14510
1562849452 14510
1562914536 14782
1562920318 15244
1562921563 15332
1562924130 15462
1562927926 15472
1562929452 15476
1562933370 15480
1563159822 15522
1563162285 15910
1563182466 16315
1563183577 16316
1563263911 16542
1563273970 16698
1563274871 16727
1563275672 16729
1563328921 16748
1563335855 16754
1563355641 16934
1563363280 17011
1563415462 17014
1563419949 17152
1563438774 17223
1563442179 17275
1563446269 17292
1563446281 17292
1563447556 17313
1563448034 17319
1563450546 17321
1563451860 17328
1563780496 17437
1563781269 17437
1563868748 17884
1563869799 17898
1563871210 17910
1563874339 17972
1563936628 18018
1563948693 18029
1563952483 18033
1563959354 18219
1564022089 18438
1564022920 18442
1564023662 18478
1564046986 18639
1564113640 18652
1564129955 18957
1564132948 18963
1564135207 18992
1564137180 18993
1564386882 19429
1564451343 19471
1564481263 19472
1564561856 20298
1564567982 20328
1564570994 20343
1564643325 20348
1564656591 20360
1564730566 20361
1565073853 20369
1565227758 20371
1565227796 20371
1565252587 20453
1565253378 20462
1565254166 20481
1565254326 20484
1565255546 20491
1565257257 20502
1565267621 20546
1565361676 20582
1565666813 20730
1565684544 20956
1565693283 21103
1565783390 21427
1565839884 21470
1565861137 21538
1565925537 21640
1565946917 21746
1565953557 21756
1565954558 21757
1566202886 21767
1566211464 21900
1566267439 21951
1566271483 22010
1566275954 22068
1566284292 22166
1566351676 22236
1566352803 22240
1566373221 22315
1566383451 22402
1566386421 22414
1566466188 22510
1566544108 22556
1566548270 22560
1566554249 22583
1566558212 22615
1566558255 22640
1566802791 22717
1566871045 22744
1566890885 22792
1566897494 22809
1566906357 23289
1566973838 23303
1566994893 23787
1566996825 23960
1567044190 23972
1567049312 24698
1567070673 24702
1567079214 25136
1567152369 25508
1567387849 25662
1567405486 25687
1567411148 25846
1567429443 25949
1567476357 25960
1567517741 26478
1567518797 26479
1567518823 26479
1567564409 26480
1567565348 26482
1567570379 26503
1567570421 26503
1567598112 26680
1567653969 26685
1567674475 26688
1567674638 26727
1567681105 26908
1567683899 26981
1567684625 26983
1567689078 27604
1568030020 27851
1568030374 27852
1568102458 28080
1568106927 28086
1568110448 28089
1568113604 28109
1568118571 28136
1568119219 28139
1568119317 28140
1568119957 28142
1568166042 28162
1568186773 28341
1568186943 28362
1568195904 28365
1568250776 28368
1568281411 29003
1568282885 29006
1568630704 29186
1568701873 29333
1568717946 29356
1568719830 29374
1568771134 29381
1568794242 29469
1568797413 29528
1568802047 29529
1568806018 29530
1568812503 29537
1568856980 29540
1568857796 29545
1568858629 29552
1568861887 29555
1568880534 29563
1568882059 29565
1568884244 29565
1568890751 29596
1568893147 29624
1568896454 29626
1568901094 29634
1568949192 29716
1568971922 29724
1568974828 29726
1568975328 29727
1569224701 29737
1569229493 29739
1569231820 29752
1569232069 29762
1569320783 29768
1569550937 29803
1569554517 29804
1569572703 29808
1569833167 29809
1569837522 29818
1570506565 29820
1570517394 29822
1570517486 29838
1570531144 29865
1570534175 29884
1570584666 29890
1570586425 29892
1570602289 29897
1570613163 29904
1570613239 30004
1570674447 30191
1570674590 30192
1570676731 30245
1570677764 30266
1570678428 30284
1570680088 30287
1570681123 30309
1570688935 30331
1570691833 30333
1570759236 30353
1570760150 30354
1570774618 30365
1570780128 30374
1570783684 30384
1570784230 30391
1570784305 30391
1570843910 30398
1570863552 30419
1570863607 30419
1570876774 30452
1570877155 30456
1570879055 30456
1571018230 30464
1571037626 30470
1571050611 30472
1571105409 30478
1571132167 30479
1571132957 30600
1571196530 30602
1571215476 30658
1571215553 30706
1571277544 30714
1571302531 30740
1571391859 30764
1571729472 30765
1571824392 30772
1571912274 30789
1571913100 30799
1571913770 30809
1571916810 30817
1571988872 30822
1571992491 30836
1571996483 30873
1572000527 30877
1572231088 30878
1572245806 30883
1572250044 31070
1572313049 31182
1572313386 31319
1572316436 31328
1572318514 31332
1572330686 31343
1572333699 31455
1572339988 31621
1572341200 31627
1572341693 31629
1572342206 31630
1572343885 31643
1572344084 31644
1572347377 31665
1572348151 31677
1572349310 31683
1572406882 31686
1572407936 31689
1572426537 31710
1572427288 31715
1572427951 31717
1572493030 31735
1572507177 31736
1572507518 31754
1572514943 31757
1572574952 31766
1572579086 31768
1572579422 31771
1572579666 31772
1572579887 31773
1572594342 31811
1572603643 31826
1572604452 31838
1572604704 31842
1572834927 31847
1572835850 31851
1572837785 31857
1572848840 31859
1572851141 31860
1572851694 31861
1572858931 31882
1572865528 31893
1572925039 31903
1573179444 31918
1573197784 31935
1573459527 31945
1573540621 31947
1573543883 31952
1573633649 31972
1574128865 31973
1574145278 32138
1574150851 32152
1574154796 32154
1574166120 32237
1574166552 32241
1574307825 32362
1574319350 32378
1574389400 32386
1574394900 32395
1574395047 32396
1574407124 32397
1574410029 32405
1574478858 32568
1574479420 32580
1574497759 32677
1574500661 32678
1574510091 32690
1574645842 32707
1574646164 32708
1574647008 32709
1574651534 32717
1574767116 32842
1574856957 32931
1574905815 32934
1574912226 32938
1574992120 33093
1575013448 33335
1575013619 33435
1575014222 33436
1575022102 33494
1575023831 33513
1575256088 33565
1575275056 33852
1575343767 33904
1575359363 33952
1575361895 34004
1575362644 34005
1575365292 34015
1575366344 34019
1575367553 34088
1575370629 34092
1575376803 34095
1575424799 34096
1575427870 34187
1575430628 34188
1575442220 34198
1575443415 34204
1575443684 34205
1575444637 34211
1575445432 34212
1575445867 34213
1575455402 34276
1575458105 34291
1575458554 34294
1575459444 34311
1575460039 34316
1575464777 34332
1575465054 34335
1575469448 34356
1575475307 34359
1575478250 34360
1575528217 34383
1575531105 34384
1575536959 34386
1575546051 34470
1575547403 34496
1575549660 34501
1575557014 34510
1575595691 34522
1575597367 34576
1575616412 34706
1575621308 34711
1575621563 34712
1575862654 34723
1575881113 35296
1575886816 35316
1575887196 35330
1575949346 35433
1575961349 35437
1575972204 35458
1575975657 35465
1576057303 35604
1576058240 35609
1576134182 35616
1576137164 35621
1576138284 35623
1576147244 35633
1576465945 35634
1576495495 35818
1576496263 35867
1576496427 35869
1576499312 35869
1576554318 35966
1576554576 35969
1576565837 36020
1576633481 36055
1576652058 36068
1576661358 36082
1576664787 36127
1576727040 36133
1576738873 36149
1576837833 36308
1577099967 36310
1577173627 36586
1577243073 36661
1577246597 36755
1577262839 36789
1577342005 36843
1577344093 36847
1577362379 36850
1577773342 36857
1577773853 36860
1577779469 36862
1577787361 36869
1577790053 36870
1577790465 36871
1577953020 36964
1578019855 36977
1578035577 36994
1578036150 36995
1578291975 37045
1578300076 37047
1578300654 37080
1578362419 37131
1578367980 37178
1578368669 37179
1578368692 37187
1578380916 37197
1578390331 37220
1578390345 37225
1578396848 37236
1578399891 37238
1578403208 37244
1578446246 37245
1578451116 37246
1578452611 37257
1578453508 37257
1578555280 37351
1578555925 37355
1578651537 37358
1579080211 37369
1579141543 37373
1580218206 37375
1580218380 37377
1580374279 37381
1580374468 37386
1580377470 37387
1580384405 37395
1580384792 37396
1580385764 37401
1580798837 37430
1580903307 37431
1581085228 37504
1581087475 37506
1581170700 42573
1581174333 44872
1581174359 44873
1581316136 44874
1581321113 66336
1581408579 73963
1581423679 73982
1581424843 73996
1581426572 73996
1581508627 75179
1581513755 81894
1581513820 81901
1581515431 81903
1581516232 81907
1581518365 81908
1581679049 82754
1581925660 83590
1581939419 83597
1582034122 83628
1582122359 83749
1582175040 83849
1582186025 83871
1582201230 83877
1582210759 83882
1582532950 83886
1582774071 84020
1582968696 84035
1582975509 84039
1582976122 84040
1582988168 84042
1583041875 84046
1583207711 84047
1583209042 84048
1583209365 84049
1583219095 84050
1583220272 84051
1583253398 84080
1583376124 84090
1583377766 84118
1583994207 84125
1583994760 84125
1584427411 84125
1584606456 84126
1584606978 84777
1585208843 84780
1585654126 84866
1585910565 84888
1586332430 84910
1586948566 84912
1587547276 84921
1588073745 84939
1588075523 85993
1588998271 85997
1589973440 86127
1589973540 86130
1590389165 86154
1590475039 86190
1590484325 86224
1590566713 86227
1591177017 88828
1591177071 88828
1593498059 90231
1593572524 90282
1593601555 90347
1593603847 90468
1593604242 90469
1593604269 90469
1593656853 90470
1593656881 90470
1593678003 90481
1593679018 90495
1593686001 90508
1594276242 90511
1594609001 90513
1594708431 90540
1594708917 90596
1594819628 90849
1594867615 90855
1594894443 90880
1594969938 91005
1594981733 91023
1595576845 91233
1595577889 91234
1595821923 91240
1596017349 295151
1596017825 295151
1596106345 295921
1596166688 295924
1596191191 296746
1596539694 296748
1596619812 296814
1596789761 297995
1596789935 298001
1597051112 298592
1597645975 304595
1597646161 304613
1597659236 304618
1597662243 304915
1597663173 304940
1597663683 304941
1597669524 305053
1597819260 305136
1597834299 305152
1597890342 305826
1597890664 305827
1598174826 306281
1598235874 306283
1598354098 306331
1598444037 306579
1598947938 306592
1598953901 306595
1598956287 306597
1599052154 306627
1599101368 306633
1599101390 306795
1599101642 306796
1599104077 306796
1599106736 306915
1599107017 307042
1599124279 307042
1599189064 307045
1599189423 307049
1599192498 307051
1599213729 307052
1599453455 307580
1599469043 307769
1599474669 308191
1599533414 308198
1599565130 308350
1599567703 308360
1599634539 308361
1599634718 308364
1599727611 309105
1599736980 309107
1599737445 309117
1599789383 309128
1599805164 309146
1599821773 309300
1600069703 309320
1600070359 309320
1600159576 309329
1600230196 309356
1600230249 309360
1600316517 309365
1600332537 309376
1600332617 309376
1600345153 309376
1600416266 309611
1600741002 309625
1600743183 309627
1600745365 309696
1600755624 309915
1600762872 310104
1600826177 310105
1600826205 310105
1600842639 310107
1600842957 310108
1600943237 310109
1600943270 310109
1601006483 310125
1601006491 310125
1601286899 310125
1602829627 310183
1602829640 310183
1603765748 310247
1603794507 310279
1604041307 310402
1604041450 310402
1604392620 310404
1604569130 310406
1605095294 310893
1605239338 310903
1605241270 310905
1606380136 311407
1606380192 311407
1606472082 311412
1606810002 311414
1606810033 311414
1607339524 311419
1607339532 311419
1607585843 311510
1609402408 311530
1611202354 312033
1611284839 312175
1611296665 312287
1612422583 312298
1612422801 312302
1615197748 312376
1615205216 312381
1615518153 312397
1615528844 312397
1617262896 312460
1619599298 312506
1628243667 312513
1628243764 312514
1629965123 312525
1635306570 312557
1635413724 312562
1637222047 312805
1637742526 312806
1638174392 312818
1638256610 312856
1638327956 312857
1638352331 312859
1640054360 312890
1649406589 312891
1649758608 312956
1649822827 313373
1649992990 313388
1652767431 313553
1656490857 313578
1658990130 313587
1660189752 313600
1680509426 313601
1688027642 313710
1691045384 313717
