1582288879 1
1582384143 2
1582454349 3
1582544739 4
1582625700 5
1582636286 6
1582641334 7
1582709984 8
1582712221 9
1582969160 10
1583150712 11
1583157005 12
1583203494 13
1583236325 14
1583242630 15
1583243157 16
1583253783 17
1583299422 18
1583305627 19
1583375979 20
1583390239 21
1583391336 22
1585036215 23
1585036300 24
1588075578 25
1589973931 26
1591177437 27
1596106361 28
1597660820 29
1597670108 30
1598175367 31
1598948213 32
1599453496 33
1600399341 34
1600842918 35
1601006515 36
1605097542 37
1605097606 38
1607339555 39
1607583767 40
1607585867 41
1609402434 42
1611202366 43
1611284786 44
1615197757 45
1615205225 46
1615518163 47
1615528855 48
1617262908 49
1619599311 50
1628243881 51
1629965147 52
1635306605 53
1635413737 54
1637220507 55
1637220546 56
1637220710 57
1637220737 58
1637742566 59
1638174363 60
1638256585 61
1638327946 62
1638777563 63
1640054337 64
1649405898 65
1649758686 66
1649822872 67
1649993022 68
1652767402 69
1656490837 70
1658990117 71
1660189733 72
1680509464 73
1688027779 74
1691045402 75
