1582288879 441359
1582384143 417512
1582454349 229265
1582544739 229478
1582625700 229484
1582636286 229484
1582641334 229483
1582709984 229544
1582712221 229554
1582969160 230063
1583150712 230065
1583157005 230065
1583203494 230150
1583236325 230156
1583242630 230150
1583243157 230177
1583253783 230186
1583299422 230257
1583305627 230258
1583375979 230275
1583390239 230280
1583391336 230341
1585036215 230535
1585036300 230535
1588075578 231629
1589973931 231646
1591177437 230765
1596106361 229727
1597660820 229869
1597670108 229889
1598175367 229989
1598948213 229990
1599453496 230057
1600399341 230061
1600842918 230103
1601006515 230113
1605097542 230411
1605097606 230411
1607339555 230412
1607583767 230286
1607585867 230286
1609402434 230300
1611202366 230136
1611284786 230140
1615197757 230191
1615205225 230193
1615518163 230200
1615528855 230198
1617262908 230240
1619599311 230279
1628243881 230268
1629965147 230273
1635306605 230301
1635413737 230303
1637220507 230370
1637220546 230403
1637220710 230423
1637220737 230423
1637742566 230423
1638174363 230425
1638256585 230461
1638327946 230461
1638777563 230462
1640054337 230491
1649405898 230491
1649758686 230785
1649822872 231050
1649993022 231047
1652767402 230956
1656490837 230965
1658990117 230968
1660189733 230980
1680509464 230980
1688027779 231059
1691045402 231064
