1582288879 441359
1582384143 442280
1582454349 442618
1582544739 442848
1582625700 442864
1582636286 442865
1582641334 442871
1582709984 442952
1582712221 442967
1582969160 443692
1583150712 443699
1583157005 443701
1583203494 443815
1583236325 443827
1583242630 443827
1583243157 443870
1583253783 443888
1583299422 443985
1583305627 443991
1583375979 444032
1583390239 444040
1583391336 444103
1585036215 444460
1585036300 444460
1588075578 445618
1589973931 445692
1591177437 446314
1596106361 446416
1597660820 446747
1597670108 446858
1598175367 447117
1598948213 447130
1599453496 447609
1600399341 447613
1600842918 447749
1601006515 447883
1605097542 448348
1605097606 448349
1607339555 448354
1607583767 448448
1607585867 448506
1609402434 448526
1611202366 449025
1611284786 449038
1615197757 449112
1615205225 449117
1615518163 449133
1615528855 449133
1617262908 449196
1619599311 449242
1628243881 449247
1629965147 449258
1635306605 449290
1635413737 449295
1637220507 449401
1637220546 449434
1637220710 449454
1637220737 449454
1637742566 449455
1638174363 449467
1638256585 449505
1638327946 449506
1638777563 449515
1640054337 449546
1649405898 449547
1649758686 449852
1649822872 450269
1649993022 450284
1652767402 450449
1656490837 450474
1658990117 450483
1660189733 450496
1680509464 450497
1688027779 450606
1691045402 450613
