1559568586 0
1559570961 4589
1559571599 4406
1559571650 4393
1559817688 4640
1559819193 4592
1560168617 6391
1560170786 6564
1560219055 6573
1560219078 6573
1560248590 8358
1560250885 8353
1560311801 7399
1560323789 7397
1560416513 7401
1561371594 7402
1562759256 7581
1562812925 7569
1562814197 7571
1566295479 7580
1573804819 7581
1574749142 7925
1574749916 7928
1574751377 7933
1574767237 9137
1574817929 9137
1574838462 9160
1574841889 9058
1574842123 9058
1574875433 7099
1574912358 6992
1575445307 6991
1575451526 6903
1575452396 6904
1575963550 6967
1576057402 7493
1576131467 7524
1576146912 7534
1576482583 7534
1576495615 7545
1576838661 7662
1577175730 7710
1577177467 7711
1577243310 7692
1577341956 7720
1577344048 7721
1577704420 7725
1577952416 7752
1578019788 7761
1578035447 7918
1578036091 7918
1578382348 7923
1578382403 7792
1578450117 7850
1578555194 7802
1580534114 7803
1584610602 7808
1585208866 7814
1585910610 7823
1588075390 8817
1589973180 8829
1589973349 8830
1591177136 9481
1593497866 9571
1594206925 9584
1594819600 9619
1594821213 9614
1594969900 9729
1595494621 9759
1596105959 8925
1596105994 9667
1596538234 9665
1597646322 9779
1597654120 14107
1597660634 14254
1597662259 14394
1597669491 14414
1597670021 14414
1597916702 15025
1597916779 15144
1597980000 15134
1598166441 15142
1598169331 15180
1598175193 15152
1598235763 15157
1598241582 15157
1598274943 15205
1598358128 15251
1598448591 15417
1598527102 15428
1598527714 15433
1598844253 15519
1598954880 15602
1599112894 15610
1599114908 15733
1599115111 15733
1599120197 15735
1599124228 15612
1599453133 15078
1599453280 15693
1599469006 15714
1599474646 16002
1599533198 16005
1599805028 16014
1600068485 16028
1600161204 16166
1600223578 16166
1600223770 16169
1600348912 16245
1600348919 16304
1600351477 12785
1600351539 12785
1600351895 12786
1600352119 12786
1600399459 12800
1600399475 12296
1600670547 12296
1600843051 12338
1600843061 12387
1600943227 12387
1601005180 12395
1601005201 12416
1601194334 12611
1601196446 12617
1601196541 12617
1601197893 12632
1601199174 12632
1601199606 12632
1601200181 12630
1601200916 12630
1602830277 12607
1602830285 12703
1602830798 12731
1602830945 12732
1602834988 12735
1602835879 12741
1602835887 12741
1602836533 12741
1602847012 12767
1602847020 12767
1603095912 12794
1603105262 12799
1603166523 12802
1603177176 12933
1603188993 13005
1603189550 13004
1603194237 13005
1603194246 13248
1603194255 13248
1603201002 13248
1603276798 13273
1603277658 13271
1603277863 13272
1603332119 13272
1603785918 13346
1603790239 13274
1604316894 13099
1604316907 13099
1604571527 13096
1604571711 13096
1605096189 13364
1606121983 13384
1606122095 13386
1606202389 13388
1606205936 13390
1606207955 13391
1606805413 13392
1607065453 13451
1607339413 13452
1607583512 13325
1607585666 13325
1607590661 13337
1607590852 13336
1607590994 13336
1607599586 13337
1607600043 13337
1607660045 13342
1607660117 13423
1607673553 13209
1607673596 13209
1607674018 13208
1607921339 13280
1607926590 13280
1607928150 13281
1607935487 13315
1607936498 13319
1607961565 13425
1607998932 13425
1608103013 13444
1608103022 13631
1608103220 13635
1608103440 13637
1608106270 13638
1608107233 13638
1608110837 13638
1608712622 13487
1608794029 13731
1608795162 13732
1608797157 13719
1608798841 13748
1608799088 13748
1608868651 13795
1608878820 13767
1608880270 13767
1608886194 13769
1608890494 13795
1609226639 13795
1609402266 13809
1610436548 13809
1610504340 13807
1611126694 13815
1611133532 13815
1611196460 13866
1611202328 13692
1611284721 13676
1611289595 13676
1611296604 13656
1611902072 13656
1611903167 13656
1612346348 13685
1612346561 13685
1612347962 13681
1612349168 13683
1615197593 13734
1615205176 13736
1615518096 13743
1615528797 13741
1616053166 13766
1617170109 13833
1617177054 13838
1617262835 13880
1617327234 13960
1617328472 13967
1617331089 13967
1617331363 13968
1617333093 13976
1617333368 13976
1617774476 13977
1617780319 13978
1617850066 14002
1617872834 14009
1617935331 14017
1617938601 14019
1618191127 14025
1618279166 14069
1618279175 14367
1618279217 14494
1618286050 14487
1618286057 14704
1618286255 14692
1618286456 14692
1618292217 14691
1618293316 14685
1618293575 14684
1618296414 14676
1618296606 14676
1618296725 14676
1618302257 14810
1618302450 14810
1618302694 14811
1618302895 14810
1618303083 14808
1618303366 14832
1618303508 14832
1618304120 14832
1618304565 14835
1618304944 14835
1618308738 14888
1618308921 14882
1618309597 14876
1618310178 14877
1618310885 14877
1618311468 14880
1618379719 14900
1618454292 14900
1618476143 14903
1618476701 14905
1618477604 14905
1618480316 14907
1618540597 14908
1618543958 14916
1618552857 14928
1618553480 14928
1618557107 14935
1619077554 14950
1619318699 14950
1619339249 14964
1619339973 14961
1619599242 15000
1619600003 15019
1621242024 15019
1621824875 15028
1623400780 15549
1623401063 15549
1623401271 15549
1623401377 15550
1623401593 15549
1623401880 15549
1623402775 15554
1623403944 15559
1623830925 15560
1623832776 15564
1623833605 15570
1623834410 15569
1623838014 15616
1623838221 15616
1623838325 15616
1623839762 15621
1623841031 15638
1623852602 15637
1623854253 15627
1623854793 15631
1623855770 15629
1623898194 15630
1623898304 15631
1623898627 15635
1623898860 15637
1623899454 15637
1623910083 15719
1623910526 15722
1623911559 15722
1623916789 15742
1624352225 15744
1625120080 15745
1625465757 15745
1625623655 15766
1625650885 15804
1625652445 15824
1625653065 15824
1625708591 15824
1625708707 15825
1625710075 15825
1625710345 15825
1625710487 15825
1625710579 15824
1625710830 15824
1625711485 15824
1625711771 15824
1625711971 15824
1625712064 15824
1625712443 15829
1625726277 15824
1625728141 15809
1625797980 15823
1625821494 15827
1626248842 15979
1626249152 15979
1626249482 15979
1626251080 15990
1626252446 15990
1626254668 15990
1626255993 15992
1626256041 15992
1626256108 15992
1626256166 15992
1626256501 15991
1626340128 15994
1626340201 16017
1626403026 16023
1626424494 16051
1626681211 16067
1626686636 16075
1626767369 16082
1626937017 16081
1626937044 16081
1626937859 16087
1626938119 16087
1627020927 16156
1627024517 16158
1627024684 16156
1627024835 16156
1627025754 16156
1627026430 16156
1627026585 16156
1627026668 16156
1627029224 16156
1627441538 16183
1627526574 16185
1627526694 16189
1627528922 16192
1627529496 16193
1627529998 16193
1627531239 16204
1627531333 16204
1627540661 16205
1627541553 16203
1627981317 16278
1628127881 16280
1628243566 16269
1628243960 16269
1629858605 16437
1629943519 16437
1629943684 16437
1629956799 16508
1629957798 16510
1629964890 16515
1630035609 16534
1630036598 16534
1630290100 16536
1630290215 16526
1630291541 16529
1630292192 16541
1630292458 16546
1630293065 16533
1630293199 16533
1630293391 16536
1630295302 16537
1630392590 16537
1630921717 16571
1631091413 16583
1631241279 16583
1632390770 16909
1632395083 16907
1632414257 16918
1632732821 16918
1632909690 16933
1633749518 16935
1633749711 16922
1634019078 16925
1634021536 16949
1634630833 16951
1635305444 16931
1635306212 16959
1635402360 16950
1635410517 16973
1635411060 16981
1635413604 16983
1635472399 16987
1637223806 17084
1637224328 17086
1637230253 17331
1637288094 17330
1637289891 17344
1637290316 21002
1637290340 17345
1637290618 17345
1637637346 17370
1637742180 17370
1638174516 17372
1638256807 17408
1638344406 17388
1638352401 17388
1638355149 17388
1638408843 17391
1638429400 17386
1638774865 17382
1638777806 17383
1638944866 17383
1639030250 17403
1639036054 17405
1639100253 17413
1639100361 17407
1639101021 17406
1639532578 17408
1639964171 17417
1640054603 17446
1640678020 17511
1641457676 17607
1641457750 17619
1641539331 17623
1641541770 17625
1641801238 17629
1641979711 17632
1642040195 17644
1642041663 17645
1642573737 17683
1642573769 17706
1642574293 17710
1642642946 17708
1642664209 17763
1644199862 17775
1644199899 17813
1644638950 17813
1644991642 18428
1644991761 18425
1644992270 18425
1644992880 18425
1644993417 18425
1645001027 18389
1645001099 18389
1645070404 18403
1645431181 18416
1645512666 18422
1645581791 18423
1646027776 18422
1646962536 18426
1647849041 18434
1647849249 18437
1648017091 18426
1648106834 18444
1648607253 18444
1648622798 18445
1648888860 18449
1649407453 22517
1649758180 22503
1649822600 22768
1649992189 22765
1650419998 22766
1650420618 22767
1650424985 22768
1650444866 22769
1650792374 22773
1650952919 22780
1651045018 22908
1651729842 23109
1651730804 23109
1651731226 23109
1652169928 23110
1652175334 23110
1652241817 23190
1652413023 23190
1652428481 23210
1652672547 23228
1652679287 23229
1652690669 23805
1652755775 23807
1652767054 23807
1652767566 23716
1652777217 23717
1652778637 23717
1652837571 23714
1652854628 23752
1652874150 23629
1653302615 23633
1653379774 23633
1653444644 23635
1653448570 23635
1653462969 23629
1653463075 23630
1653466172 23706
1653470511 23859
1653470844 23866
1653471056 23866
1653471564 23866
1653549525 23899
1653559988 24007
1653560263 24007
1653560774 24007
1653562203 24000
1653562831 24002
1653564105 24001
1653564135 24075
1653565380 24075
1653631173 24330
1653631528 24341
1653631557 24341
1653635228 24226
1653635282 24259
1653635327 24259
1653635362 24258
1653635538 24270
1653635945 24271
1653642001 24258
1653642190 24289
1653883202 24300
1653890385 24299
1653890710 24299
1653890894 24302
1653965869 24320
1653980536 24299
1653980899 24294
1653981825 24294
1654063146 24294
1654063175 24473
1654071382 24467
1654076598 24424
1654133994 24426
1654134008 24427
1654587418 24430
1654587434 24429
1654671491 24437
1654851578 24435
1654851589 24656
1655109584 24690
1655109595 24689
1655109605 24852
1655376296 24851
1655377976 24856
1655378035 24856
1655379426 24811
1655379441 24811
1655379501 24811
1655380662 24813
1655380768 24813
1655382363 24829
1655382373 24830
1655382443 24829
1655383769 24829
1655430584 24830
1655433002 24830
1656554061 24832
1656554083 24835
1656555221 24838
1656573528 24839
1656640024 24857
1656645384 24857
1656645400 24856
1656906095 24875
1657001332 24876
1657244014 24880
1658908992 24880
1658990193 24883
1658995717 24897
1659342630 24898
1659343292 24707
1659344220 24711
1659344367 24544
1659345336 24569
1659424732 24586
1659599471 24587
1659599481 24599
1659667370 24641
1659667562 24641
1659680784 24644
1659684696 24646
1659690211 24865
1660034544 24847
1660034723 24847
1660114555 24871
1660189908 24883
1660792709 24996
1660792811 24998
1660792985 25050
1660793164 25042
1660793778 25040
1661149691 25043
1661500164 25049
1661502871 25053
1662011260 25111
1662101301 25129
1662115353 25148
1662347196 25156
1662347270 25157
1662350220 25157
1662618332 25163
1662618343 25164
1662625013 25190
1662627386 25190
1662629216 25190
1663576914 25198
1663576997 25212
1663577438 25212
1663659388 25223
1663727472 25300
1663898834 25302
1664172836 25303
1664335893 25291
1666856768 25299
1666856792 25299
1667547748 25299
1668049338 25538
1668062022 25547
1668580532 25554
1668580557 25555
1669879483 25709
1670205868 25709
1672716850 25712
1673349820 25714
1675328535 25767
1676958843 25767
1677483334 25762
1677556177 25766
1678428528 25808
1678429424 25820
1678441710 25824
1678698253 25832
1678860659 25833
1679989662 25833
1679990400 25838
1679990872 25839
1680074035 25843
1680509177 25843
1686044196 25843
1686714019 25855
1686732386 25824
1686883622 25824
1686902462 25835
1687168962 25837
1687225142 25837
1687680146 25845
1688026863 30525
1688542319 30739
1688546762 30749
1688548417 30799
1688615465 30888
1688624115 30888
1688695800 30893
1689057711 30995
1689153911 30995
1689315248 35598
1689586212 36099
1689745992 36945
1689932327 36956
1690170360 36958
1690184322 36959
1691045187 36964
1693798343 36963
1699500199 36963
1699500218 37190
1700538793 37237
1700538838 37229
1702019966 38042
1703064145 38044
1703065753 38044
1704683392 38050
1704700182 38051
1704788231 38028
1704789493 38078
1704789514 38078
1704953653 38087
1705647002 38210
1705648358 38210
1705650549 38219
1705650558 38491
1705655277 38501
1705655540 38501
1705656743 38502
1705657085 38504
1706782419 38321
1706782430 38343
1706853699 38343
1708421695 38339
1709177767 38383
1709628363 38383
1709629994 38383
1710922306 38385
1711530470 38335
1711532987 38337
1712049470 38348
1712544444 24691
1713252388 24696
1713770383 24717
1714112923 24725
1715061767 24722
1715073930 24722
1715074690 24716
1715161633 24716
1715246022 24737
1716961376 24751
1716961411 24751
