1559568586 0 0 0
1559570961 0 0 4589
1559571599 0 0 4594
1559571650 0 0 4596
1559817688 0 0 5380
1559819193 0 0 5386
1560168617 0 0 7380
1560170786 0 3 7553
1560219055 0 3 7616
1560219078 0 3 7616
1560248590 0 3 9419
1560250885 0 3 9420
1560311801 0 3 9655
1560323789 0 3 9655
1560416513 0 3 9677
1561371594 0 3 9678
1562759256 0 3 9899
1562812925 0 3 9911
1562814197 0 3 9914
1566295479 0 3 9991
1573804819 0 3 9993
1574749142 461 3 9993
1574749916 465 3 9993
1574751377 542 3 9993
1574767237 3559 3 9993
1574817929 3569 3 9993
1574838462 3644 3 9993
1574841889 3647 3 9993
1574842123 3648 3 9993
1574875433 3648 413 9993
1574912358 5226 413 9993
1575445307 5226 420 9993
1575451526 5226 425 9993
1575452396 5226 428 9993
1575963550 5226 492 9993
1576057402 5933 492 9993
1576131467 5983 492 9993
1576146912 5993 492 9993
1576482583 5994 492 9993
1576495615 6014 492 9993
1576838661 6173 492 9993
1577175730 6471 492 9993
1577177467 6480 492 9993
1577243310 6542 492 9993
1577341956 6596 492 9993
1577344048 6599 492 9993
1577704420 6603 492 9993
1577952416 6689 492 9993
1578019788 6702 492 9993
1578035447 6879 492 9993
1578036091 6881 492 9993
1578382348 6891 492 9993
1578382403 6899 492 9993
1578450117 6959 492 9993
1578555194 7045 492 9993
1580534114 7046 492 9993
1584610602 7052 492 9993
1585208866 7065 492 9993
1585910610 7082 492 9993
1588075390 8198 492 9993
1589973180 8252 492 9993
1589973349 8266 492 9993
1591177136 10427 492 9993
1593497866 10526 492 9993
1594206925 10581 492 9993
1594819600 10627 492 9993
1594821213 10632 492 9993
1594969900 10747 492 9993
1595494621 10777 492 9993
1596105959 11039 492 9993
1596105994 13314 492 9993
1596538234 13315 492 9993
1597646322 13502 492 9993
1597654120 17832 492 9993
1597660634 18168 492 9993
1597662259 18465 492 9993
1597669491 18576 492 9993
1597670021 18577 492 9993
1597916702 22992 492 9993
1597916779 23113 492 9993
1597980000 23114 492 9993
1598166441 23128 492 9993
1598169331 23188 492 9993
1598175193 23262 492 9993
1598235763 23268 492 9993
1598241582 23269 492 9993
1598274943 23417 492 9993
1598358128 23502 492 9993
1598448591 23747 492 9993
1598527102 23780 492 9993
1598527714 23780 511 9993
1598844253 23931 511 9993
1598954880 24028 511 9993
1599112894 24041 511 9993
1599114908 24165 511 9993
1599115111 24166 511 9993
1599120197 24169 511 9993
1599124228 24169 511 9993
1599453133 24736 511 9993
1599453280 25368 511 9993
1599469006 25396 511 9993
1599474646 25802 511 9993
1599533198 25806 511 9993
1599805028 25829 511 9993
1600068485 25853 511 9993
1600161204 26002 511 9993
1600223578 26004 511 9993
1600223770 26011 511 9993
1600328821 26049 511 9993
1600329651 26051 511 9993
1600332116 26052 511 9993
1600335186 26076 511 9993
1600335369 26082 511 9993
1600336043 26091 511 9993
1600337597 26104 511 9993
1600343931 26142 511 9993
1600344269 26150 511 9993
1600344586 26153 511 9993
1600347968 26171 511 9993
1600348912 26171 709 9993
1600348919 26171 709 9993
1600351477 26171 921 9993
1600351539 26171 922 9993
1600351895 26171 1045 9993
1600352119 26171 1047 9993
1600399459 26197 1047 9993
1600399475 26205 1047 9993
1600670547 26206 1047 9993
1600671183 26206 1091 9993
1600671191 26206 1091 9993
1600680609 26206 1210 9993
1600680677 26206 1248 9993
1600683975 26206 1252 9993
1600843051 26342 1252 9993
1600843061 26342 1252 9993
1600943227 26343 1252 9993
1601001426 26343 1282 9993
1601002761 26343 1283 9993
1601003197 26343 1289 9993
1601005180 26356 1289 9993
1601005201 26356 1289 9993
1601194334 26643 1289 9993
1601196446 26795 1289 9993
1601196541 26796 1289 9993
1601197893 26826 1289 9993
1601199174 26827 1289 9993
1601199606 26951 1289 9993
1601200181 26951 1289 9993
1601200916 26952 1289 9993
1602829459 27078 1289 9993
1602830277 27078 1289 9993
1602830285 27078 1289 9993
1602830798 27078 1321 9993
1602830945 27078 1322 9993
1602834988 27078 1332 9993
1602835597 27081 1332 9993
1602835879 27081 1341 9993
1602835887 27081 1341 9993
1602836533 27081 1344 9993
1602841609 27083 1344 9993
1602847012 27083 1371 9993
1602847020 27083 1371 9993
1603095912 27187 1371 9993
1603105262 27428 1371 9993
1603166523 27428 1375 9993
1603177176 27428 1519 9993
1603188993 27428 1684 9993
1603189550 27428 1684 9993
1603190647 28038 1684 9993
1603190926 28039 1684 9993
1603191446 28040 1684 9993
1603194237 28040 1685 9993
1603194246 28040 1685 9993
1603194255 28040 1686 9993
1603201002 28040 1687 9993
1603276798 28065 1687 9993
1603277658 28065 1687 9993
1603277863 28067 1687 9993
1603332119 28068 1687 9993
1603785918 28168 1687 9993
1603790239 28168 1687 9993
1603812598 28168 1691 9993
1604316894 28176 1691 9993
1604316907 28176 1691 9993
1604571527 28176 1696 9993
1604571711 28176 1697 9993
1605096189 28658 1697 9993
1605670304 28658 1700 9993
1605705558 28658 1701 9993
1606121983 28702 1701 9993
1606122095 28702 1701 9993
1606202389 28704 1701 9993
1606205936 28707 1701 9993
1606207955 28708 1701 9993
1606805413 28709 1701 9993
1607065453 28770 1701 9993
1607339413 28775 1701 9993
1607583512 28868 1701 9993
1607585666 28926 1701 9993
1607590661 28949 1701 9993
1607590852 28950 1701 9993
1607590994 28951 1701 9993
1607599586 28953 1701 9993
1607600043 28962 1701 9993
1607604616 28962 1702 9993
1607657125 28962 1742 9993
1607659797 28962 1805 9993
1607660045 28973 1805 9993
1607660117 28973 1805 9993
1607663994 28973 1819 9993
1607673553 28973 1819 9993
1607673596 28974 1819 9993
1607674018 28974 1819 9993
1607921339 29092 1819 9993
1607926590 29093 1819 9993
1607928150 29105 1819 9993
1607935487 29140 1819 9993
1607936498 29144 1819 9993
1607961565 29144 2500 9993
1607998932 29144 3370 9993
1608002617 29149 3370 9993
1608003990 29173 3370 9993
1608005000 29203 3370 9993
1608005192 29204 3370 9993
1608005698 29233 3370 9993
1608006255 29237 3370 9993
1608006355 29239 3370 9993
1608028264 29748 3370 9993
1608086564 29761 3370 9993
1608099846 29763 3370 9993
1608100768 29882 3370 9993
1608100938 29888 3370 9993
1608103013 29888 3390 9993
1608103022 29888 3390 9993
1608103220 29888 3397 9993
1608103440 29888 3400 9993
1608106270 29903 3400 9993
1608107233 29905 3400 9993
1608110837 29908 3400 9993
1608712622 29909 3400 9993
1608794029 30190 3400 9993
1608795162 30193 3400 9993
1608797157 30211 3400 9993
1608798841 30245 3400 9993
1608799088 30247 3400 9993
1608868651 30348 3400 9993
1608878820 30424 3400 9993
1608880270 30425 3400 9993
1608886194 30427 3400 9993
1608890494 30532 3400 9993
1609226639 30533 3400 9993
1609402266 30553 3400 9993
1610436548 30564 3400 9993
1610504340 30566 3400 9993
1611126694 30578 3400 9993
1611133532 30581 3400 9993
1611196460 30759 3400 9993
1611202328 31258 3400 9993
1611284721 31281 3400 9993
1611289595 31283 3400 9993
1611296604 31395 3400 9993
1611902072 31397 3400 9993
1611903167 31398 3400 9993
1612346348 31428 3400 9993
1612346561 31429 3400 9993
1612347962 31432 3400 9993
1612349168 31435 3400 9993
1615197593 31509 3400 9993
1615205176 31514 3400 9993
1615518096 31530 3400 9993
1615528797 31530 3400 9993
1616053166 31603 3400 9993
1617170109 31673 3400 9993
1617177054 31686 3400 9993
1617262835 31749 3400 9993
1617327234 31836 3400 9993
1617328472 31851 3400 9993
1617331089 31855 3400 9993
1617331363 31856 3400 9993
1617333093 31891 3400 9993
1617333368 31892 3400 9993
1617774476 31893 3400 9993
1617780319 31903 3400 9993
1617850066 31936 3400 9993
1617872834 31945 3400 9993
1617935331 31957 3400 9993
1617938601 31963 3400 9993
1618191127 31963 3406 9993
1618209478 32096 3406 9993
1618209540 32096 3406 9993
1618211273 32096 3406 9993
1618211653 32098 3406 9993
1618279166 32098 3458 9993
1618279175 32098 3756 9993
1618279217 32098 3756 9993
1618284794 32322 3756 9993
1618285309 32330 3756 9993
1618285410 32331 3756 9993
1618286050 32331 3756 9993
1618286057 32331 3756 9993
1618286255 32331 3762 9993
1618286456 32336 3762 9993
1618292217 32340 3762 9993
1618293316 32344 3762 9993
1618293575 32356 3762 9993
1618296414 32377 3762 9993
1618296606 32379 3762 9993
1618296725 32389 3762 9993
1618302257 32544 3762 9993
1618302450 32545 3762 9993
1618302694 32564 3762 9993
1618302895 32565 3762 9993
1618303083 32571 3762 9993
1618303366 32595 3762 9993
1618303508 32597 3762 9993
1618304120 32598 3762 9993
1618304565 32604 3762 9993
1618304944 32605 3762 9993
1618308738 32672 3762 9993
1618308921 32673 3762 9993
1618309597 32683 3762 9993
1618310178 32693 3762 9993
1618310885 32695 3762 9993
1618311468 32700 3762 9993
1618379719 32722 3762 9993
1618454292 32723 3762 9993
1618476143 32726 3762 9993
1618476701 32728 3762 9993
1618477604 32729 3762 9993
1618480316 32788 3762 9993
1618540597 32800 3762 9993
1618543958 32810 3762 9993
1618552857 32836 3762 9993
1618553480 32837 3762 9993
1618557107 32848 3762 9993
1619077554 32876 3762 9993
1619318699 32881 3762 9993
1619339249 32899 3762 9993
1619339973 32899 3762 9993
1619599242 32945 3762 9993
1619600003 32964 3762 9993
1621242024 32967 3762 9993
1621824875 32976 3762 9993
1623400780 33628 3762 9993
1623401063 33629 3762 9993
1623401271 33631 3762 9993
1623401377 33632 3762 9993
1623401593 33638 3762 9993
1623401880 33647 3762 9993
1623402775 33653 3762 9993
1623403944 33659 3762 9993
1623830925 33660 3762 9993
1623832776 33667 3762 9993
1623833605 33675 3762 9993
1623834410 33677 3762 9993
1623838014 33733 3762 9993
1623838221 33734 3762 9993
1623838325 33735 3762 9993
1623839762 33770 3762 9993
1623841031 33801 3762 9993
1623852602 33812 3762 9993
1623854253 33820 3762 9993
1623854793 33827 3762 9993
1623855770 33833 3762 9993
1623898194 33835 3762 9993
1623898304 33837 3762 9993
1623898627 33841 3762 9993
1623898860 33851 3762 9993
1623899454 33853 3762 9993
1623910083 33935 3762 9993
1623910526 33940 3762 9993
1623911559 33944 3762 9993
1623916789 33966 3762 9993
1624352225 33970 3762 9993
1625120080 33971 3762 9993
1625465757 33973 3762 9993
1625623655 34005 3762 9993
1625650885 34056 3762 9993
1625652445 34154 3762 9993
1625653065 34190 3762 9993
1625708591 34191 3762 9993
1625708707 34201 3762 9993
1625710075 34222 3762 9993
1625710345 34264 3762 9993
1625710487 34265 3762 9993
1625710579 34272 3762 9993
1625710830 34273 3762 9993
1625711485 34274 3762 9993
1625711771 34607 3762 9993
1625711971 34608 3762 9993
1625712064 34609 3762 9993
1625712443 34614 3762 9993
1625726277 34635 3762 9993
1625728141 34657 3762 9993
1625797980 34730 3762 9993
1625821494 34743 3762 9993
1626248842 34923 3762 9993
1626249152 34924 3762 9993
1626249482 34927 3762 9993
1626251080 34941 3762 9993
1626252446 34943 3762 9993
1626254668 34955 3762 9993
1626255993 34968 3762 9993
1626256041 34968 3762 9993
1626256108 34969 3762 9993
1626256166 34979 3762 9993
1626256501 34989 3762 9993
1626340128 35007 3762 9993
1626340201 35031 3762 9993
1626403026 35038 3762 9993
1626424494 35038 3819 9993
1626681211 35057 3819 9993
1626684408 35057 3827 9993
1626684417 35057 3827 9993
1626686636 35087 3827 9993
1626767369 35095 3827 9993
1626937017 35098 3827 9993
1626937044 35098 3827 9993
1626937859 35104 3827 9993
1626938119 35105 3827 9993
1627020927 35180 3827 9993
1627024517 35221 3827 9993
1627024684 35225 3827 9993
1627024835 35227 3827 9993
1627025754 35228 3827 9993
1627026430 35229 3827 9993
1627026585 35230 3827 9993
1627026668 35231 3827 9993
1627029224 35237 3827 9993
1627441538 35273 3827 9993
1627526574 35278 3827 9993
1627526694 35282 3827 9993
1627528922 35286 3827 9993
1627529496 35296 3827 9993
1627529998 35297 3827 9993
1627531239 35309 3827 9993
1627531333 35310 3827 9993
1627540661 35311 3827 9993
1627541553 35316 3827 9993
1627981317 35405 3827 9993
1628127881 35407 3827 9993
1628131584 35407 3829 9993
1628243566 35412 3829 9993
1628243960 35412 3829 9993
1629858605 35581 3829 9993
1629943519 35582 3829 9993
1629943684 35590 3829 9993
1629956799 35679 3829 9993
1629957798 35686 3829 9993
1629964890 35697 3829 9993
1630035609 35697 3849 9993
1630036598 35697 3850 9993
1630039414 35697 3860 9993
1630039857 35697 3861 9993
1630290100 35701 3861 9993
1630290215 35701 3861 9993
1630291541 35701 3887 9993
1630292192 35713 3887 9993
1630292458 35718 3887 9993
1630293065 35888 3887 9993
1630293199 35891 3887 9993
1630293391 35933 3887 9993
1630295302 35942 3887 9993
1630392590 35943 3887 9993
1630921717 35990 3887 9993
1631091413 36017 3887 9993
1631241279 36017 3887 9993
1632390770 36519 3887 9993
1632395083 36523 3887 9993
1632414257 36565 3887 9993
1632732821 36573 3887 9993
1632909690 36615 3887 9993
1633749518 36622 3887 9993
1633749711 36628 3887 9993
1634019078 36631 3887 9993
1634021536 36663 3887 9993
1634630833 36667 3887 9993
1635305444 36682 3887 9993
1635306212 36714 3887 9993
1635402360 36725 3887 9993
1635410517 36974 3887 9993
1635411060 36989 3887 9993
1635413604 36994 3887 9993
1635472399 37058 3887 9993
1637223806 37298 3887 9993
1637224328 37301 3887 9993
1637230253 37971 3887 9993
1637288094 37979 3887 9993
1637289891 37993 3887 9993
1637290316 41651 3887 9993
1637290340 41651 3887 9993
1637290618 41654 3887 9993
1637637346 41680 3887 9993
1637742180 41680 3887 9993
1638174516 41692 3887 9993
1638256807 41730 3887 9993
1638344406 41735 3887 9993
1638352401 41737 3887 9993
1638355149 41738 3887 9993
1638408843 41744 3887 9993
1638429400 41751 3887 9993
1638774865 41756 3887 9993
1638777806 41765 3887 9993
1638944866 41768 3887 9993
1639030250 41820 3887 9993
1639036054 41822 3887 9993
1639100253 41830 3887 9993
1639100361 41831 3887 9993
1639101021 41832 3887 9993
1639532578 41834 3887 9993
1639964171 41884 3887 9993
1640054603 41915 3887 9993
1640678020 41981 3887 9993
1641457676 42077 3887 9993
1641457750 42135 3887 9993
1641539331 42139 3887 9993
1641541770 42141 3887 9993
1641801238 42190 3887 9993
1641979711 42193 3887 9993
1642040195 42206 3887 9993
1642041663 42218 3887 9993
1642573737 42256 3887 9993
1642573769 42293 3887 9993
1642574293 42297 3887 9993
1642642946 42297 3887 9993
1642664209 42357 3887 9993
1644199862 42369 3887 9993
1644199899 42435 3887 9993
1644638950 42441 3887 9993
1644991642 43079 3887 9993
1644991761 43081 3887 9993
1644992270 43083 3887 9993
1644992880 43084 3887 9993
1644993417 43085 3887 9993
1645001027 43097 3887 9993
1645001099 43099 3887 9993
1645070404 43119 3887 9993
1645431181 43133 3887 9993
1645512666 43157 3887 9993
1645581791 43158 3887 9993
1646027776 43168 3887 9993
1646962536 43172 3887 9993
1647849041 43212 3887 9993
1647849249 43216 3887 9993
1648017091 43241 3887 9993
1648106834 43259 3887 9993
1648607253 43261 3887 9993
1648622798 43273 3887 9993
1648888860 43278 3887 9993
1649407453 47347 3887 9993
1649758180 47412 3887 9993
1649822600 47829 3887 9993
1649992189 47844 3887 9993
1650419998 47846 3887 9993
1650420618 47849 3887 9993
1650424985 47852 3887 9993
1650444866 47853 3887 9993
1650792374 47861 3887 9993
1650952919 47882 3887 9993
1651045018 48012 3887 9993
1651729842 48318 3887 9993
1651730804 48321 3887 9993
1651731226 48322 3887 9993
1652169928 48326 3887 9993
1652175334 48331 3887 9993
1652241817 48464 3887 9993
1652413023 48468 3887 9993
1652428481 48490 3887 9993
1652672547 48513 3887 9993
1652679287 48518 3887 9993
1652690669 49252 3887 9993
1652755775 49264 3887 9993
1652767054 49265 3887 9993
1652767566 49430 3887 9993
1652777217 49431 3887 9993
1652778637 49432 3887 9993
1652837571 49433 3887 9993
1652854628 49471 3887 9993
1652874150 49471 4038 9993
1653302615 49475 4038 9993
1653379774 49478 4038 9993
1653444644 49481 4038 9993
1653448570 49484 4038 9993
1653462969 49484 4133 9993
1653463075 49484 4135 9993
1653466172 49484 4345 9993
1653470511 49484 4548 9993
1653470844 49484 4561 9993
1653471056 49484 4562 9993
1653471564 49484 4566 9993
1653549525 49484 4733 9993
1653559988 49619 4733 9993
1653560263 49620 4733 9993
1653560774 49625 4733 9993
1653562203 49628 4733 9993
1653562831 49633 4733 9993
1653563799 49633 4835 9993
1653563811 49633 4835 9993
1653563895 49633 4836 9993
1653564105 49633 4836 9993
1653564135 49633 4836 9993
1653565380 49635 4836 9993
1653631173 49635 5165 9993
1653631480 49635 5167 9993
1653631528 49649 5167 9993
1653631557 49649 5167 9993
1653635228 49649 5280 9993
1653635282 49649 5313 9993
1653635327 49649 5314 9993
1653635362 49649 5314 9993
1653635538 49649 5327 9993
1653635945 49649 5332 9993
1653637712 49649 5346 9993
1653638390 49649 5361 9993
1653639532 49649 5381 9993
1653642001 49663 5381 9993
1653642190 49663 5381 9993
1653883202 49663 5400 9993
1653890385 49663 5405 9993
1653890710 49663 5414 9993
1653890894 49663 5417 9993
1653965869 49663 5451 9993
1653980536 49676 5451 9993
1653980899 49677 5451 9993
1653981825 49682 5451 9993
1654057954 49682 5630 9993
1654063146 49690 5630 9993
1654063175 49690 5630 9993
1654071382 49757 5630 9993
1654076598 49787 5630 9993
1654084451 49787 5634 9993
1654084464 49787 5634 9993
1654133994 49807 5634 9993
1654134008 49807 5634 9993
1654570065 49807 5659 9993
1654570085 49807 5660 9993
1654570095 49807 5660 9993
1654587418 49813 5660 9993
1654587434 49813 5660 9993
1654671491 49824 5660 9993
1654744359 50172 5660 9993
1654851578 50172 5668 9993
1654851589 50172 5668 9993
1654851613 50820 5668 9993
1655089905 50834 5668 9993
1655109584 50834 5808 9993
1655109595 50834 5808 9993
1655109605 50834 5808 9993
1655376296 50834 5815 9993
1655377976 50834 5908 9993
1655378035 50834 5909 9993
1655378354 50836 5909 9993
1655378374 50836 5909 9993
1655379426 50836 6265 9993
1655379441 50836 6265 9993
1655379501 50836 6266 9993
1655380662 50836 6277 9993
1655380768 50836 6279 9993
1655381492 50839 6279 9993
1655381510 50839 6279 9993
1655382363 50839 6303 9993
1655382373 50839 6303 9993
1655382443 50839 6305 9993
1655383769 50839 6307 9993
1655430584 50840 6307 9993
1655433002 50846 6307 9993
1656485491 50853 6307 9993
1656491041 50858 6307 9993
1656554061 50858 6314 9993
1656554083 50858 6314 9993
1656555221 50858 6323 9993
1656573528 50858 6325 9993
1656640024 50858 6351 9993
1656640138 50858 6351 9993
1656645384 50859 6351 9993
1656645400 50859 6351 9993
1656906095 50907 6351 9993
1657001332 50911 6351 9993
1657244014 50915 6351 9993
1658908992 50918 6351 9993
1658990193 50927 6351 9993
1658995717 50949 6351 9993
1659342630 50950 6351 9993
1659343292 50950 6360 9993
1659344220 50950 6403 9993
1659344367 50950 6403 9993
1659345336 51309 6403 9993
1659424732 51309 6443 9993
1659434431 51321 6443 9993
1659434440 51321 6443 9993
1659599471 51321 6447 9993
1659599481 51321 6447 9993
1659667370 51321 6491 9993
1659667562 51321 6492 9993
1659680784 51327 6492 9993
1659684696 51330 6492 9993
1659690211 52385 6492 9993
1660034544 52416 6492 9993
1660034723 52417 6492 9993
1660114555 52442 6492 9993
1660189908 52455 6492 9993
1660792709 52455 10776 9993
1660792811 52455 10783 9993
1660792985 52455 10835 9993
1660793164 52455 10835 9993
1660793778 52455 10863 9993
1661149691 52455 10866 9993
1661500164 52462 10866 9993
1661502871 52467 10866 9993
1662011260 52559 10866 9993
1662101301 52578 10866 9993
1662115353 52601 10866 9993
1662347196 52601 10879 9993
1662347270 52601 10883 9993
1662350220 52601 10885 9993
1662368658 52601 10889 9993
1662618332 52611 10889 9993
1662618343 52611 10889 9993
1662625013 52648 10889 9993
1662627386 52649 10889 9993
1662629216 52650 10889 9993
1662637312 52650 10903 9993
1662691959 52650 10947 9993
1663576914 52663 10947 9993
1663576997 52663 10947 9993
1663577438 52664 10947 9993
1663659388 52690 10947 9993
1663727472 52815 10947 9993
1663898834 52821 10947 9993
1664172836 52832 10947 9993
1664335893 52844 10947 9993
1666000646 52845 10947 9993
1666856768 52845 10955 9993
1666856792 52845 10955 9993
1667547748 52846 10955 9993
1668049338 53113 10955 9993
1668062022 53124 10955 9993
1668496500 53124 10956 9993
1668580532 53148 10956 9993
1668580557 53148 10956 9993
1669879483 53363 10956 9993
1670205868 53365 10956 9993
1672716850 53370 10956 9993
1673349820 53376 10956 9993
1675328535 53436 10956 9993
1676958843 53437 10956 9993
1677483334 53480 10956 9993
1677556177 53515 10956 9993
1678428528 53564 10956 9993
1678429424 53578 10956 9993
1678441710 53583 10956 9993
1678698253 53591 10956 9993
1678860659 53593 10956 9993
1679989662 53594 10956 9993
1679990400 53603 10956 9993
1679990872 53606 10956 9993
1680074035 53611 10956 9993
1680509177 53612 10956 9993
1686044196 53612 10957 9993
1686714019 53612 10975 9993
1686732386 53921 10975 9993
1686883622 53923 10975 9993
1686902462 53936 10975 9993
1687168962 53952 10975 9993
1687225142 53953 10975 9993
1687680146 53961 10975 9993
1688026863 58671 10975 9993
1688542319 58981 10975 9993
1688546762 58993 10975 9993
1688548417 59043 10975 9993
1688615465 59146 10975 9993
1688624115 59151 10975 9993
1688695800 59222 10975 9993
1689057711 59328 10975 9993
1689153911 59330 10975 9993
1689315248 63933 10975 9993
1689586212 64496 10975 9993
1689745992 65342 10975 9993
1689932327 65354 10975 9993
1690170360 65356 10975 9993
1690184322 65357 10975 9993
1691045187 65364 10975 9993
1693798343 65365 10975 9993
1697013136 65365 10978 9993
1697017299 65365 10989 9993
1698118444 65365 11212 9993
1698129116 65365 11213 9993
1698141490 65365 11286 9993
1699500199 65371 11286 9993
1699500218 65371 11286 9993
1700532381 65371 11286 9993
1700538793 65437 11286 9993
1700538838 65437 11286 9993
1702019966 66254 11286 9993
1703064145 66256 11286 9993
1703065753 66257 11286 9993
1704683392 66265 11286 9993
1704700182 66267 11286 9993
1704788231 66317 11286 9993
1704789493 66431 11286 9993
1704789514 66431 11286 9993
1704953653 66472 11286 9993
1705647002 66472 11473 9993
1705648358 66472 11493 9993
1705650101 66759 11493 9993
1705650549 66759 11508 9993
1705650558 66759 11508 9993
1705655277 66759 11592 9993
1705655540 66760 11592 9993
1705656743 66761 11592 9993
1705657085 66765 11592 9993
1705659702 66765 11593 9993
1705659707 66765 11593 9993
1705660402 66765 11604 9993
1705661194 66765 11606 9993
1706768238 66765 11623 9993
1706782419 66940 11623 9993
1706782430 66940 11623 9993
1706853699 66941 11623 9993
1708421695 66952 11623 9993
1709177767 66996 11623 9993
1709628363 66998 11623 9993
1709629994 67000 11623 9993
1710922306 67003 11623 9993
1711530470 67340 11623 9993
1711532987 67356 11623 9993
1712049470 67368 11623 9993
1712544444 67372 11623 9993
1713252388 67377 11623 9993
1713770383 67411 11623 9993
1714112923 67419 11623 9993
1715061767 67420 11623 9993
1715073930 67421 11623 9993
1715074690 67432 11623 9993
1715161633 67436 11623 9993
1715246022 67457 11623 9993
1716429376 67457 11630 9993
1716961376 67473 11630 9993
1716961411 67473 11630 9993
