1606296930 1
1606297255 2
1606998168 3
1607049526 4
1607072988 5
1607076156 6
1607308969 7
1607339098 8
1607339446 9
1607342638 10
1607409915 11
1607414192 12
1607414337 13
1607569248 14
1607570842 15
1607583033 16
1607583570 17
1607585207 18
1607585719 19
1607590646 20
1607592690 21
1608783950 22
1608793789 23
1608802091 24
1608806263 25
1608861479 26
1608883762 27
1609387465 28
1609395631 29
1609402333 30
1611042417 31
1611043431 32
1611043669 33
1611044150 34
1611046558 35
1611046856 36
1611046987 37
1611047265 38
1611047658 39
1611047855 40
1611048172 41
1611049880 42
1611050996 43
1611051972 44
1611135997 45
1611201715 46
1611202333 47
1611221439 48
1611283079 49
1611284733 50
1611295964 51
1611296617 52
1611830068 53
1611837467 54
1611888315 55
1611889788 56
1611891657 57
1611893660 58
1611894148 59
1611903190 60
1611907345 61
1611917402 62
1611917631 63
1611917834 64
1612146504 65
1612252448 66
1612255772 67
1612257432 68
1612335402 69
1612340950 70
1612408356 71
1613639948 72
1614736858 73
1615197655 74
1615205187 75
1615518118 76
1615528813 77
1616399993 78
1616402808 79
1616753603 80
1616754219 81
1617262862 82
1619487031 83
1619511683 84
1619599261 85
1619660896 86
1619776448 87
1621388357 88
1621418647 89
1621419070 90
1621580678 91
1623222284 92
1624357101 93
1624413201 94
1628243583 95
1629964912 96
1629964941 97
1637218443 98
1637229160 99
1637742245 100
1638167832 101
1638255417 102
1638255641 103
1638433146 104
1638433171 105
1638775194 106
1639477351 107
1639562498 108
1639562512 109
1639565233 110
1640054508 111
1640054519 112
1640078560 113
1641439984 114
1641440014 115
1641440038 116
1645515282 117
1649407398 118
1649758340 119
1649822647 120
1649992834 121
1652767531 122
1656490978 123
1658990177 124
1658990308 125
1660189840 126
1660189849 127
1691045247 128
