1606296930 4706
1606297255 4706
1606998168 7054
1607049526 7084
1607072988 7085
1607076156 7088
1607308969 7093
1607339098 7315
1607339446 7320
1607342638 7330
1607409915 7385
1607414192 7403
1607414337 7405
1607569248 7406
1607570842 7416
1607583033 7422
1607583570 7516
1607585207 7517
1607585719 7575
1607590646 7584
1607592690 7585
1608783950 7592
1608793789 7593
1608802091 7600
1608806263 7641
1608861479 7642
1608883762 7644
1609387465 7655
1609395631 7656
1609402333 7676
1611042417 8254
1611043431 8255
1611043669 8256
1611044150 8257
1611046558 8321
1611046856 8322
1611046987 8328
1611047265 8336
1611047658 8339
1611047855 8340
1611048172 8340
1611049880 8348
1611050996 8350
1611051972 8356
1611135997 8367
1611201715 8377
1611202333 8876
1611221439 8891
1611283079 8898
1611284733 9040
1611295964 9047
1611296617 9159
1611830068 9462
1611837467 9508
1611888315 9524
1611889788 9525
1611891657 9527
1611893660 9541
1611894148 9552
1611903190 9571
1611907345 9577
1611917402 9892
1611917631 9892
1611917834 9901
1612146504 9936
1612252448 9937
1612255772 9938
1612257432 9939
1612335402 9987
1612340950 9998
1612408356 10009
1613639948 10010
1614736858 10013
1615197655 10087
1615205187 10092
1615518118 10108
1615528813 10108
1616399993 10117
1616402808 10118
1616753603 10123
1616754219 10127
1617262862 10190
1619487031 10274
1619511683 10299
1619599261 10345
1619660896 10383
1619776448 10390
1621388357 10414
1621418647 10511
1621419070 10514
1621580678 10528
1623222284 10562
1624357101 10631
1624413201 10650
1628243583 10656
1629964912 10667
1629964941 10706
1637218443 10714
1637229160 10720
1637742245 12495
1638167832 12539
1638255417 12549
1638255641 12550
1638433146 12560
1638433171 12560
1638775194 12560
1639477351 12560
1639562498 12561
1639562512 12561
1639565233 12564
1640054508 12595
1640054519 12600
1640078560 12651
1641439984 12653
1641440014 12653
1641440038 12654
1645515282 12655
1649407398 12656
1649758340 12721
1649822647 13138
1649992834 13153
1652767531 13318
1656490978 13343
1658990177 13352
1658990308 13352
1660189840 13365
1660189849 13365
1691045247 13372
