1606296930 4706
1606297255 4402
1606998168 6748
1607049526 6770
1607072988 6770
1607076156 6764
1607308969 6769
1607339098 6955
1607339446 6956
1607342638 6963
1607409915 7016
1607414192 7028
1607414337 7028
1607569248 7028
1607570842 7030
1607583033 7032
1607583570 6906
1607585207 6905
1607585719 6905
1607590646 6903
1607592690 6903
1608783950 6907
1608793789 6907
1608802091 6912
1608806263 6931
1608861479 6932
1608883762 6931
1609387465 6930
1609395631 6930
1609402333 6944
1611042417 7313
1611043431 7313
1611043669 7313
1611044150 7313
1611046558 7312
1611046856 7313
1611046987 7313
1611047265 7314
1611047658 7316
1611047855 7316
1611048172 7315
1611049880 7320
1611050996 7320
1611051972 7326
1611135997 7333
1611201715 7339
1611202333 7165
1611221439 7180
1611283079 7183
1611284733 7187
1611295964 7187
1611296617 7167
1611830068 7270
1611837467 7278
1611888315 7288
1611889788 7288
1611891657 7279
1611893660 7287
1611894148 7298
1611903190 7299
1611907345 7300
1611917402 7457
1611917631 7452
1611917834 7456
1612146504 7487
1612252448 7487
1612255772 7487
1612257432 7487
1612335402 7528
1612340950 7537
1612408356 7546
1613639948 7546
1614736858 7546
1615197655 7597
1615205187 7599
1615518118 7606
1615528813 7604
1616399993 7613
1616402808 7610
1616753603 7614
1616754219 7617
1617262862 7659
1619487031 7735
1619511683 7736
1619599261 7775
1619660896 7796
1619776448 7797
1621388357 7809
1621418647 7695
1621419070 7696
1621580678 7681
1623222284 7458
1624357101 7527
1624413201 7541
1628243583 7530
1629964912 7535
1629964941 7566
1637742245 9341
1638433146 9343
1638433171 9404
1638775194 9428
1639477351 9495
1639562498 9495
1639562512 9513
1639565233 9514
1640054508 9543
1640054519 9529
1640078560 9562
1641439984 9564
1641440014 10374
1641440038 10374
