1663832463 1
1663912491 2
1664084101 3
1664182818 4
1664182877 5
1664335585 6
1664335674 7
1664356219 8
1664356305 9
1665212323 10
1665213218 11
1666339741 12
1666341191 13
1666343203 14
1666578465 15
1666592231 16
1666592882 17
1666595914 18
1666664209 19
1666669614 20
1666669710 21
1666676505 22
1666680206 23
1666682716 24
1666687114 25
1666769555 26
1666769753 27
1666769837 28
1666769927 29
1666770311 30
1666770664 31
1666770750 32
1666771312 33
1666771495 34
1666771761 35
1666771835 36
1666774657 37
1666774883 38
1666775195 39
1666775406 40
1666775687 41
1666777175 42
1666778346 43
1666854688 44
1666855090 45
1666855219 46
1666855363 47
1666855450 48
1666942816 49
1666943301 50
1666945444 51
1666949001 52
1667184583 53
1667184660 54
1667185199 55
1667185928 56
1667205902 57
1667267318 58
1675238330 59
1680509268 60
1688027058 61
1691045278 62
