1663832463 7293
1663912491 7295
1664084101 8186
1664182818 8866
1664182877 8866
1664335585 8867
1664335674 8868
1664356219 9172
1664356305 9173
1665212323 9176
1665213218 9186
1666339741 10109
1666341191 10111
1666343203 10194
1666578465 10223
1666592231 10224
1666592882 10225
1666595914 10226
1666664209 10554
1666669614 10560
1666669710 10572
1666676505 10573
1666680206 10575
1666682716 10581
1666687114 10582
1666769555 10809
1666769753 10821
1666769837 10822
1666769927 10822
1666770311 10840
1666770664 10860
1666770750 10864
1666771312 10872
1666771495 10950
1666771761 10963
1666771835 10964
1666774657 11007
1666774883 11018
1666775195 11049
1666775406 11062
1666775687 11066
1666777175 11067
1666778346 11068
1666854688 11110
1666855090 11112
1666855219 11112
1666855363 11113
1666855450 11114
1666942816 11158
1666943301 11160
1666945444 11162
1666949001 11169
1667184583 11171
1667184660 11173
1667185199 11193
1667185928 11201
1667205902 11205
1667267318 11207
1675238330 11236
1680509268 11237
1688027058 11346
1691045278 11353
