1610598426 0 0 0
1610606481 0 4400 0
1610937289 0 4467 0
1610967405 0 4467 421
1611044717 0 4467 542
1611048013 0 4467 593
1611050473 0 4467 597
1611109075 0 4467 1085
1611199050 0 4467 1107
1611211648 0 4467 1107
1611225461 0 4467 1111
1611225494 0 4467 1112
1611283335 0 4467 1169
1611283467 0 4467 1171
1611289135 0 4467 1196
1611295702 0 4467 1218
1611308683 0 4467 1220
1611539472 0 4467 1222
1611543215 0 4467 1222
1611543223 0 4467 1222
1611561766 0 4467 1226
1611561780 0 4467 1226
1611566877 0 4467 1298
1611569994 0 4467 1323
1611570300 0 4467 1325
1611647991 0 4467 1337
1611648074 0 4467 1338
1611654408 0 4467 1339
1611807090 0 4467 1376
1611807154 0 4467 1376
1611807161 0 4467 1376
1611845209 660 4467 1376
1611847126 846 4467 1376
1611887826 866 4467 1376
1611893853 1033 4467 1376
1611896968 1052 4467 1376
1611901148 1053 4467 1376
1611905375 1150 4467 1376
1611914855 1304 4467 1376
1611915501 1310 4467 1376
1611926260 1353 4467 1376
1611927470 1374 4467 1376
1611935999 1377 4467 1376
1612146958 1543 4467 1376
1612147174 1844 4467 1376
1612148492 1847 4467 1376
1612148888 1863 4467 1376
1612149236 1865 4467 1376
1612150421 1918 4467 1376
1612150508 1924 4467 1376
1612172381 1926 4467 1376
1612232380 1971 4467 1376
1614220382 1971 4467 1655
1614220408 1971 4467 1655
1614221109 1971 4467 1658
1614221303 2237 4467 1658
1614221312 2237 4467 1658
1614224133 2237 4467 1895
1614246714 2237 4467 2009
1614323653 2237 4467 2025
1614328962 2237 4467 2027
1614570264 2237 4467 2039
1614655876 2325 4467 2039
1614656093 2327 4467 2039
1614656398 2331 4467 2039
1614665038 2332 4467 2039
1614665223 2334 4467 2039
1614749968 2334 4467 2074
1614749988 2334 4467 2074
1614756362 2334 4467 2074
1614756369 2334 4467 2074
1615186213 2367 4467 2074
1615187577 2367 4468 2074
1615187974 2367 4469 2074
1615197709 2367 4543 2074
1615205191 2367 4548 2074
1615358141 2379 4548 2074
1615358359 2379 4548 2114
1615358371 2379 4548 2114
1615358786 2384 4548 2114
1615358818 2384 4548 2116
1615358860 2384 4548 2116
1615359105 2395 4548 2116
1615359295 2395 4548 2118
1615359307 2395 4548 2118
1615428400 2398 4548 2118
1615429851 2402 4548 2118
1615518123 2402 4564 2118
1615518152 2402 4564 2134
1615528755 2402 4564 2134
1615528818 2402 4564 2134
1615542953 2402 4982 2134
1615542993 2402 4982 2134
1615798296 2402 5016 2134
1615798393 2402 5018 2134
1615971301 2402 5336 2134
1616059075 2403 5336 2134
1616061326 2410 5336 2134
1616061542 2410 5336 2153
1616061550 2410 5336 2153
1616062746 2410 5336 2225
1616067815 2420 5336 2225
1616071325 2424 5336 2225
1616118428 2435 5336 2225
1616402645 2889 5336 2225
1616402794 2892 5336 2225
1616402866 2898 5336 2225
1616403826 2937 5336 2225
1616404261 2945 5336 2225
1616405078 2958 5336 2225
1616405303 2959 5336 2225
1616406053 2960 5336 2225
1616471339 2981 5336 2225
1616575237 3251 5336 2225
1616636658 3267 5336 2225
1616636768 3273 5336 2225
1616638769 3276 5336 2225
1616639366 3280 5336 2225
1616639864 3285 5336 2225
1616639869 3285 5336 2878
1616640062 3285 5336 2878
1616656250 3286 5336 2878
1616680312 3302 5336 2878
1616743598 3434 5336 2878
1616745349 3446 5336 2878
1616747919 3500 5336 2878
1616760888 3589 5336 2878
1616919137 3660 5336 2878
1616925127 3682 5336 2878
1616926834 3685 5336 2878
1617001238 3689 5336 2878
1617108042 4043 5336 2878
1617173519 4257 5336 2878
1617177217 4298 5336 2878
1617245190 4642 5336 2878
1617247856 4662 5336 2878
1617262779 4662 5336 2941
1617262869 4662 5399 2941
1617262937 4662 5399 2941
1617676311 4773 5399 2941
1617676318 4773 5399 2941
1617678763 4817 5399 2941
1617679933 4937 5399 2941
1617680460 4939 5399 2941
1617783102 4940 5399 2941
1617790168 4997 5399 2941
1618469637 5005 5399 2941
1618545520 5013 5399 2941
1618546894 5013 5399 2941
1618546978 5013 5399 2941
1618547057 5013 5399 2941
1618547278 5013 5399 2941
1618569894 5013 5399 2966
1618569906 5013 5399 2966
1618570054 5013 5399 2966
1618570328 5013 5399 2967
1618570595 5013 5399 2968
1618570783 5013 5399 2968
1618571695 5013 5399 2968
1618571888 5013 5399 2968
1618573038 5013 5399 2968
1618573345 5013 5399 2968
1618574743 5013 5399 2968
1618576612 5013 5399 2968
1618577574 5013 5399 2968
1618656844 5013 5399 2968
1618822482 5015 5399 2968
1618905171 5322 5399 2968
1618983992 5338 5399 2968
1618990074 5338 5399 2968
1618990183 5338 5399 2968
1618994026 5367 5399 2968
1618995377 5369 5399 2968
1619077568 5369 7014 2968
1619077596 5369 7014 2968
1619079109 5369 7092 2968
1619144789 5383 7092 2968
1619144800 5383 7092 2968
1619145864 5383 7095 2968
1619146039 5383 7095 2968
1619146559 5464 7095 2968
1619173456 8178 7095 2968
1619321514 8297 7095 2968
1619321935 8303 7095 2968
1619322130 8304 7095 2968
1619322481 8307 7095 2968
1619322721 8310 7095 2968
1619323497 8318 7095 2968
1619328874 8324 7095 2968
1619333403 8329 7095 2968
1619333622 8332 7095 2968
1619333897 8333 7095 2968
1619334377 8340 7095 2968
1619334767 8346 7095 2968
1619335439 8350 7095 2968
1619335648 8351 7095 2968
1619336024 8352 7095 2968
1619336164 8353 7095 2968
1619336391 8356 7095 2968
1619336536 8361 7095 2968
1619336649 8365 7095 2968
1619336705 8366 7095 2968
1619338910 8366 7097 2968
1619338920 8366 7097 2968
1619339104 8369 7097 2968
1619339113 8369 7097 2968
1619339412 8369 7098 2968
1619339421 8369 7098 2968
1619340182 8369 7100 2968
1619342846 8373 7100 2968
1619342854 8373 7100 2968
1619343495 8379 7100 2968
1619348311 8379 7101 2968
1619348326 8379 7101 2968
1619409127 8389 7101 2968
1619411239 8394 7101 2968
1619411434 8423 7101 2968
1619413427 8424 7101 2968
1619413682 8427 7101 2968
1619413836 8436 7101 2968
1619413936 8438 7101 2968
1619414148 8444 7101 2968
1619414361 8449 7101 2968
1619414498 8451 7101 2968
1619414656 8452 7101 2968
1619414770 8454 7101 2968
1619416072 8458 7101 2968
1619519779 8463 7101 2968
1619599268 8463 7147 2968
1619599335 8463 7147 2968
1619686316 8463 7153 2968
1620291926 8463 7162 2968
1620360492 8538 7162 2968
1620360504 8538 7162 2968
1620719475 8604 7162 2968
1620722944 8627 7162 2968
1620807523 8650 7162 2968
1620809574 8656 7162 2968
1620814389 8656 7285 2968
1620874563 8656 7374 2968
1620874778 8656 7376 2968
1620874986 8658 7376 2968
1620886218 8660 7376 2968
1620887244 8664 7376 2968
1620887463 8665 7376 2968
1620888406 8667 7376 2968
1620888795 8667 7376 2968
1620890530 8686 7376 2968
1620898269 8694 7376 2968
1620899095 8697 7376 2968
1620913382 8739 7376 2968
1620914041 8747 7376 2968
1620914297 8753 7376 2968
1620983829 8753 7381 2968
1620983850 8753 7381 2968
1621242069 8753 7385 2968
1621395540 8753 7385 2968
1621479537 8753 7474 2968
1621479563 8753 7474 2968
1621504569 8753 7499 2968
1621504906 8753 7499 2968
1621561948 8753 7506 2968
1621589844 8759 7506 2968
1621589853 8759 7506 2968
1621591930 8760 7506 2968
1621748044 8945 7506 2968
1621748981 8958 7506 2968
1621749618 8961 7506 2968
1621749832 8964 7506 2968
1621750003 8966 7506 2968
1621750056 8967 7506 2968
1621750180 8969 7506 2968
1621750378 8974 7506 2968
1621751710 8987 7506 2968
1621752192 8992 7506 2968
1621752348 8994 7506 2968
1621752693 9011 7506 2968
1621752850 9012 7506 2968
1621753663 9038 7506 2968
1621754994 9054 7506 2968
1621755181 9056 7506 2968
1621835368 9059 7506 2968
1621838790 9059 7511 2968
1621914832 9109 7511 2968
1621914840 9109 7511 2968
1621927211 9296 7511 2968
1621927354 9296 7514 2968
1621927715 9358 7514 2968
1621927723 9358 7514 2968
1621929501 9407 7514 2968
1621930352 9407 7523 2968
1621936385 9574 7523 2968
1621937009 9574 7526 2968
1621938414 9582 7526 2968
1621938423 9582 7526 2968
1621938988 9590 7526 2968
1621939203 9591 7526 2968
1621939359 9592 7526 2968
1621940254 9594 7526 2968
1621940669 9595 7526 2968
1621941505 9617 7526 2968
1621941904 9623 7526 2968
1621942388 9627 7526 2968
1621942574 9634 7526 2968
1621943135 9641 7526 2968
1621943432 9643 7526 2968
1621946518 9645 7526 2968
1621948030 9678 7526 2968
1621991481 9678 7533 2968
1622008621 9964 7533 2968
1622022941 10128 7533 2968
1622026619 10274 7533 2968
1622026637 10275 7533 2968
1622109581 10295 7533 2968
1623204815 10295 7552 2968
1623221468 10295 7555 2968
1623226060 10295 7557 2968
1623312238 10295 7559 2968
1623404311 10302 7559 2968
1623404494 10305 7559 2968
1623751380 10305 7560 2968
1623751396 10305 7560 2968
1623751484 10305 7562 2968
1623814993 10447 7562 2968
1623837418 10449 7562 2968
1623996081 10450 7562 2968
1624009025 10461 7562 2968
1624277575 10465 7562 2968
1624328292 10467 7562 2968
1624341141 10479 7562 2968
1624526457 10479 7647 2968
1624537200 10538 7647 2968
1624609678 11169 7647 2968
1624609788 11171 7647 2968
1624610552 11186 7647 2968
1624612484 11203 7647 2968
1624615167 11231 7647 2968
1624872513 11301 7647 2968
1624875467 11302 7647 2968
1624949347 11302 7739 2968
1624949390 11302 7739 2968
1625036262 11350 7739 2968
1625036273 11350 7739 2968
1625050829 11392 7739 2968
1625108395 11434 7739 2968
1625477011 12064 7739 2968
1625478208 12064 7739 2968
1625539346 12064 7814 2968
1625566475 12066 7814 2968
1625566490 12066 7814 2968
1625566661 12074 7814 2968
1626312430 12074 7941 2968
1626341288 12074 7945 2968
1626341729 12074 7947 2968
1626341973 12074 7966 2968
1626684621 12464 7966 2968
1626684632 12464 7966 2968
1626752390 12464 8060 2968
1626752421 12464 8060 2968
1626858006 12464 8074 2968
1626858199 12464 8074 2968
1626917837 12464 8079 2968
1627009702 12464 8083 2968
1627294514 12464 8548 2968
1627381565 12464 8564 2968
1627466864 12464 8567 2968
1627555059 12464 8567 2968
1627631094 12464 8568 2968
1627882448 12464 8574 2968
1627960254 12464 8595 2968
1628243590 12464 8601 2968
1628475250 12464 8648 2968
1629276921 12464 8648 2968
1629705819 12531 8648 2968
1629706837 12531 8665 2968
1629707783 12531 8669 2968
1629708036 12531 8678 2968
1629855132 12531 8688 2968
1629965022 12531 8699 2968
1630375256 12534 8699 2968
1630466982 12623 8699 2968
1630467765 12657 8699 2968
1630467859 12658 8699 2968
1630468863 12661 8699 2968
1630551802 12661 8702 2968
1630553731 12661 8713 2968
1631613546 12661 8749 2968
1631928665 12661 8918 2968
1631955105 12661 8919 2968
1631955239 12661 8920 2968
1632276503 12661 8930 2968
1633677422 12661 8936 2968
1634096692 12668 8936 2968
1634097626 12671 8936 2968
1635153546 12671 9912 2968
1635153609 12671 9912 2968
1635305597 12671 9943 2968
1635306486 12671 9975 2968
1635316330 12671 9978 2968
1635329205 12671 9997 2968
1635413637 12671 10002 2968
1635472754 12671 10113 2968
1635492786 12671 10116 2968
1635818127 12671 10119 2968
1635844072 12671 10123 2968
1635906762 12671 10139 2968
1635924891 12671 10147 2968
1635926534 12671 10153 2968
1635996364 12671 10203 2968
1635996421 12671 10297 2968
1636016402 12671 10331 2968
1636367710 12672 10331 2968
1636367916 12673 10331 2968
1636421810 12673 10415 2968
1636421994 12673 10415 2968
1636422135 12673 10417 2968
1636445625 12673 10757 2968
1636446131 12673 10760 2968
1636446833 12673 10765 2968
1636447142 12673 10766 2968
1636447937 12673 12015 2968
1636448757 12673 12016 2968
1636452348 12673 12027 2968
1636619265 12673 12186 2968
1636688552 12673 12201 2968
1637225009 12673 12441 2968
1637226348 12673 12988 2968
1637312685 12673 13186 2968
1637313226 12673 13200 2968
1637313361 12673 13201 2968
1637313701 12673 13202 2968
1637314488 12673 13203 2968
1637314794 12673 13207 2968
1637316858 12673 13232 2968
1637563872 12673 13234 2968
1637742274 12673 13234 2968
1638174491 12673 13246 2968
1638253465 12673 13247 2968
1638256738 12673 13285 2968
1638352377 12673 13287 2968
1638355111 12673 13288 2968
1638521789 12682 13288 2968
1638779044 12682 13498 2968
1638780984 12682 13529 2968
1638866279 12682 13561 2968
1638870739 12682 13565 2968
1638872048 12682 13572 2968
1638872533 12682 13578 2968
1638872564 12682 13578 2968
1639102556 12682 13579 2968
1639127246 12682 13587 2968
1639398779 12691 13587 2968
1639399455 12729 13587 2968
1639400466 12749 13587 2968
1639709351 12749 13608 2968
1639709400 12749 13608 2968
1639732504 12749 13609 2968
1640054486 12749 13640 2968
1641438976 12808 13640 2968
1641459610 12965 13640 2968
1641461109 12982 13640 2968
1644200143 12982 13642 2968
1644566225 12982 13646 2968
1646635360 12982 13654 2968
1646643480 12982 13686 2968
1646905326 12982 13687 2968
1647332048 12982 13702 2968
1647332892 12982 13703 2968
1647416131 12991 13703 2968
1647416152 12991 13703 2968
1647418751 12991 13724 2968
1647495759 13455 13724 2968
1647495776 13455 13724 2968
1647589570 13455 13865 2968
1647589582 13455 13865 2968
1647590286 13455 13884 2968
1649407373 13455 13885 2968
1649755883 13455 13886 2968
1649758372 13455 13950 2968
1649822671 13455 14367 2968
1649992868 13455 14382 2968
1650005829 13455 14384 2968
1651718943 13455 14408 2968
1652767513 13455 14573 2968
1654592063 13455 14579 2968
1655288513 13463 14579 2968
1656490960 13463 14604 2968
1656490967 13463 14604 2968
1658990170 13463 14613 2968
1660017603 13467 14613 2968
1660189823 13467 14626 2968
1660189830 13467 14626 2968
1662428727 13473 14626 2968
1662456401 13473 14765 2968
1662456416 13473 14765 2968
1662523295 13483 14765 2968
1662523313 13483 14765 2968
1663574970 13483 14788 2968
1663574997 13483 14788 2968
1664259136 13483 14792 2968
1665993570 13517 14792 2968
1665993584 13517 14792 2968
1666163667 13517 14808 2968
1666163700 13517 14808 2968
1666252383 16106 14808 2968
1666340097 16327 14808 2968
1666340290 16327 14808 2968
1666359304 16360 14808 2968
1666605389 16467 14808 2968
1666752985 16508 14808 2968
1667201517 16529 14808 2968
1670551509 16529 14816 2968
1670920593 16529 14824 2968
1672302078 16529 15016 2968
1672731170 16529 15016 2968
1675671211 16529 15020 2968
1676433006 16529 15023 2968
1678247154 16529 15097 2968
1678270870 16529 15097 2968
1678341965 16529 15104 2968
1678341988 16529 15104 2968
1679309975 16531 15104 2968
1679310032 16531 15104 2968
1680509216 16531 15105 2968
1680748589 16531 15119 2968
1682651611 16531 15135 2968
1683166333 16531 15136 2968
1683166612 16531 15138 2968
1683167097 16531 15162 2968
1683169218 16531 15169 2968
1683618035 16531 15187 2968
1685605507 16531 15198 2968
1685669595 16531 15204 2968
1685687482 16531 15244 2968
1685953169 16531 15279 2968
1685954878 16570 15279 2968
1686125594 16570 15283 2968
1686125983 16570 15284 2968
1686532960 16570 15319 2968
1686811887 16570 15321 2968
1687701166 16584 15321 2968
1687701243 18823 15321 2968
1687701250 18823 15321 2968
1687702020 18829 15321 2968
1687702028 18829 15321 2968
1687704290 18835 15321 2968
1687704577 18839 15321 2968
1688026959 18839 15431 2968
1688450764 18839 15437 2968
1688453599 18839 15438 2968
1688808863 18839 15455 2968
1688954097 18839 15462 2968
1688956361 18839 15493 2968
1688956649 18839 15498 2968
1688957502 18839 15498 2968
1688972764 18839 15503 2968
1688972835 18839 15506 2968
1688973122 18839 15507 2968
1689041553 18839 15511 2968
1689045292 18839 15513 2968
1689131870 18839 15513 2968
1689299838 18839 15515 2968
1691045260 18839 15522 2968
1692602439 18839 15524 2968
1693553413 18839 15530 2968
1693795529 18839 15533 2968
1693796519 18839 15533 2968
1693831961 18869 15533 2968
1693884826 18869 15562 2968
1695117317 18869 15562 2968
1699410592 18870 15562 2968
1699435037 18872 15562 2968
1699605841 18872 15569 2968
1699605853 18872 15569 2968
1703584877 18872 15662 2968
1715911182 18872 15673 2968
1718093385 18872 15708 2968
1718093457 18872 15736 2968
