1584516731 0 1
1585194993 0 2
1585654159 1 2
1585910730 2 2
1586226667 3 2
1586258553 4 2
1586330212 5 2
1586336053 6 2
1586338295 7 2
1586487908 8 2
1586491676 9 2
1586513918 10 2
1586771341 11 2
1586831931 12 2
1586835215 13 2
1586846610 14 2
1586846893 15 2
1586846991 16 2
1586950641 17 2
1587521290 18 2
1587552662 19 2
1588075451 20 2
1588824467 21 2
1588839078 22 2
1588839290 23 2
1589179052 24 2
1589857370 25 2
1589858142 26 2
1589859905 27 2
1589871892 28 2
1589973395 29 2
1591177346 30 2
1591179079 31 2
1591675198 32 2
1591861568 33 2
1592553401 34 2
1594034956 35 2
1594178788 36 2
1594206861 37 2
1594309626 37 3
1594346971 38 3
1594346979 39 3
1594352899 40 3
1594355128 41 3
1594373565 42 3
1594710506 43 3
1594711340 44 3
1594716928 45 3
1594719712 46 3
1594723511 47 3
1595316075 48 3
1595317947 49 3
1595319793 50 3
1595331246 51 3
1596106312 52 3
1596688151 53 3
1596695245 54 3
1596695368 55 3
1596695736 56 3
1596696276 57 3
1596700587 58 3
1596700800 59 3
1597126737 60 3
1597285618 61 3
1597660696 62 3
1597662284 63 3
1597670067 64 3
1598082802 64 4
1598082900 64 5
1598175304 65 5
1598259793 66 5
1598259888 67 5
1598942882 68 5
1598943901 69 5
1598944199 70 5
1598945099 71 5
1598945827 72 5
1598946925 73 5
1598948145 74 5
1598960120 75 5
1598960386 76 5
1598960668 77 5
1598961681 78 5
1598963522 79 5
1598965048 80 5
1598965559 81 5
1599016922 82 5
1599017510 83 5
1599018043 84 5
1599018302 85 5
1599018489 86 5
1599018738 87 5
1599019081 88 5
1599019153 89 5
1599019210 90 5
1599028530 91 5
1599124264 92 5
1599453357 93 5
1599474751 94 5
1599797609 95 5
1599797980 96 5
1599798363 97 5
1599804718 98 5
1599804876 99 5
1599806488 100 5
1599806664 101 5
1600399271 102 5
1600842996 103 5
1600866592 103 6
1600866677 103 7
1600912157 103 8
1601006423 104 8
1602213895 105 8
1603248599 106 8
1603249517 107 8
1603249669 108 8
1603253311 109 8
1603253551 110 8
1603254937 111 8
1604384877 112 8
1604455515 113 8
1604456414 114 8
1605097203 115 8
1605097287 116 8
1606467710 117 8
1606467820 118 8
1607339470 119 8
1607583664 120 8
1607584951 121 8
1607585797 122 8
1609402354 123 8
1611202342 124 8
1611284760 125 8
1611296628 126 8
1615197732 127 8
1615201530 128 8
1615204686 129 8
1615205205 130 8
1615518137 131 8
1615528831 132 8
1617262879 133 8
1618565119 134 8
1619168995 135 8
1619599283 136 8
1627636644 137 8
1628243602 138 8
1629965064 139 8
1635306521 140 8
1635321397 141 8
1635413689 142 8
1637222786 143 8
1638174455 144 8
1638256680 145 8
1638777714 146 8
1640054434 147 8
1646983270 148 8
1648697834 149 8
1649406687 150 8
1649758480 151 8
1649820402 152 8
1649820701 153 8
1649822739 154 8
1649992926 155 8
1652767468 156 8
1656490893 157 8
1658990153 158 8
1660189790 159 8
1676428256 160 8
1680509316 161 8
1688027141 162 8
1691045326 163 8
1700452309 164 8
