1584516731 9385
1585194993 9384
1585654159 11434
1585910730 11979
1586226667 11979
1586258553 11863
1586330212 11919
1586336053 11921
1586338295 11922
1586487908 11937
1586491676 11941
1586513918 51914
1586771341 51959
1586831931 51977
1586835215 51978
1586846610 52001
1586846893 52001
1586846991 52001
1586950641 52032
1587521290 52040
1587552662 52073
1588075451 53093
1588824467 53097
1588839078 53098
1588839290 53102
1589179052 96482
1589857370 96644
1589858142 96647
1589859905 96647
1589871892 96629
1589973395 96671
1591177346 96039
1591179079 96042
1591675198 96043
1591861568 96047
1592553401 96047
1594034956 96300
1594178788 96429
1594206861 96431
1594346971 96443
1594346979 96451
1594352899 96487
1594355128 96484
1594373565 96487
1594710506 96616
1594711340 96615
1594716928 96611
1594719712 96611
1594723511 96610
1595316075 96634
1595317947 96634
1595319793 96634
1595331246 96634
1596106312 95668
1596688151 95671
1596695245 95672
1596695368 95672
1596695736 95677
1596696276 95677
1596700587 95678
1596700800 95677
1597126737 95675
1597285618 95686
1597660696 95828
1597662284 96625
1597670067 96645
1598082802 96755
1598082900 96755
1598175304 96865
1598259793 96869
1598259888 96869
1598942882 96865
1598943901 96869
1598944199 96869
1598945099 96869
1598945827 96869
1598946925 96869
1598948145 96871
1598960120 96045
1598960386 96047
1598960668 96047
1598961681 96051
1598963522 96064
1598965048 96066
1598965559 96068
1599016922 96071
1599017510 96068
1599018043 96069
1599018302 96069
1599018489 96069
1599018738 96069
1599019081 96070
1599019153 96070
1599019210 96070
1599028530 96073
1599124264 96073
1599453357 96212
1599474751 96509
1599797609 96478
1599797980 96478
1599798363 96498
1599804718 96602
1599804876 96602
1599806488 96416
1599806664 96414
1600399271 96418
1600842996 96460
1600866592 92154
1600866677 92156
1600912157 92156
1601006423 92160
1602213895 92166
1603248599 92166
1603249517 92166
1603249669 92166
1603253311 92166
1603253551 92166
1603254937 92166
1604384877 92166
1604455515 92166
1604456414 92166
1605097203 92435
1605097287 92435
1606467710 92435
1606467820 92435
1607339470 92436
1607583664 92310
1607584951 92288
1607585797 92288
1609402354 92302
1611202342 92138
1611284760 92142
1611296628 92122
1615197732 92173
1615201530 92173
1615204686 92173
1615205205 92175
1615518137 92182
1615528831 92180
1617262879 92222
1618565119 92222
1619168995 92227
1619599283 92266
1627636644 92267
1628243602 92256
1629965064 92261
1635306521 92289
1635321397 92289
1635413689 92291
1637222786 92411
1638174455 92413
1638256680 92449
1638777714 92450
1640054434 92479
1646983270 92480
1648697834 92480
1649406687 92480
1649758480 92466
1649820402 92460
1649820701 92466
1649822739 92731
1649992926 92728
1652767468 92637
1656490893 92646
1658990153 92649
1660189790 92661
1676428256 92665
1680509316 92665
1688027141 92744
1691045326 92749
1700452309 92755
