1584516731 0 9385
1585194993 0 9386
1585654159 2114 9386
1585910730 2936 9386
1586226667 2937 9386
1586258553 3190 9386
1586330212 3311 9386
1586336053 3313 9386
1586338295 3315 9386
1586487908 3336 9386
1586491676 3344 9386
1586513918 43472 9386
1586771341 43567 9386
1586831931 43592 9386
1586835215 43604 9386
1586846610 43639 9386
1586846893 43649 9386
1586846991 43650 9386
1586950641 43729 9386
1587521290 43743 9386
1587552662 43869 9386
1588075451 44955 9386
1588824467 44977 9386
1588839078 44982 9386
1588839290 44989 9386
1589179052 88391 9386
1589857370 88788 9386
1589858142 88811 9386
1589859905 88813 9386
1589871892 88824 9386
1589973395 88916 9386
1591177346 89792 9386
1591179079 89796 9386
1591675198 89798 9386
1591861568 89840 9386
1592553401 89843 9386
1594034956 90395 9386
1594178788 90576 9386
1594206861 90696 9386
1594309626 90696 9404
1594346971 90754 9404
1594346979 90754 9404
1594352899 90797 9404
1594355128 90798 9404
1594373565 90803 9404
1594710506 90939 9404
1594711340 90940 9404
1594716928 90976 9404
1594719712 90979 9404
1594723511 90985 9404
1595316075 91012 9404
1595317947 91012 9404
1595319793 91012 9404
1595331246 91015 9404
1596106312 91117 9404
1596688151 91141 9404
1596695245 91145 9404
1596695368 91150 9404
1596695736 91156 9404
1596696276 91159 9404
1596700587 91161 9404
1596700800 91161 9404
1597126737 91161 9404
1597285618 91175 9404
1597660696 91506 9404
1597662284 92303 9404
1597670067 92415 9404
1598082802 92415 9656
1598082900 92415 9657
1598175304 92747 9657
1598259793 92766 9657
1598259888 92767 9657
1598942882 92903 9657
1598943901 92910 9657
1598944199 92912 9657
1598945099 92915 9657
1598945827 92917 9657
1598946925 92918 9657
1598948145 92944 9657
1598960120 93010 9657
1598960386 93033 9657
1598960668 93035 9657
1598961681 93046 9657
1598963522 93066 9657
1598965048 93086 9657
1598965559 93089 9657
1599016922 93093 9657
1599017510 93094 9657
1599018043 93095 9657
1599018302 93096 9657
1599018489 93097 9657
1599018738 93098 9657
1599019081 93100 9657
1599019153 93101 9657
1599019210 93102 9657
1599028530 93107 9657
1599124264 93108 9657
1599453357 93587 9657
1599474751 94009 9657
1599797609 94312 9657
1599797980 94313 9657
1599798363 94674 9657
1599804718 94781 9657
1599804876 94792 9657
1599806488 95123 9657
1599806664 95123 9657
1600399271 95127 9657
1600842996 95263 9657
1600866592 95263 10581
1600866677 95263 10584
1600912157 95263 10585
1601006423 95279 10585
1602213895 95303 10585
1603248599 95304 10585
1603249517 95306 10585
1603249669 95307 10585
1603253311 95308 10585
1603253551 95310 10585
1603254937 95312 10585
1604384877 95314 10585
1604455515 95316 10585
1604456414 95318 10585
1605097203 95778 10585
1605097287 95778 10585
1606467710 95788 10585
1606467820 95798 10585
1607339470 95803 10585
1607583664 95897 10585
1607584951 95899 10585
1607585797 95957 10585
1609402354 95977 10585
1611202342 96476 10585
1611284760 96620 10585
1611296628 96732 10585
1615197732 96806 10585
1615201530 96806 10585
1615204686 96819 10585
1615205205 96824 10585
1615518137 96840 10585
1615528831 96840 10585
1617262879 96903 10585
1618565119 96903 10585
1619168995 96909 10585
1619599283 96955 10585
1627636644 96957 10585
1628243602 96963 10585
1629965064 96974 10585
1635306521 97006 10585
1635321397 97008 10585
1635413689 97013 10585
1637222786 97173 10585
1638174455 97185 10585
1638256680 97223 10585
1638777714 97232 10585
1640054434 97263 10585
1646983270 97264 10585
1648697834 97265 10585
1649406687 97266 10585
1649758480 97331 10585
1649820402 97332 10585
1649820701 97339 10585
1649822739 97756 10585
1649992926 97771 10585
1652767468 97936 10585
1656490893 97961 10585
1658990153 97970 10585
1660189790 97983 10585
1676428256 97987 10585
1680509316 97988 10585
1688027141 98098 10585
1691045326 98105 10585
1700452309 98148 10585
