1610606481 1
1610937289 2
1615187577 3
1615187974 4
1615197709 5
1615205191 6
1615518123 7
1615528818 8
1615542953 9
1615542993 10
1615798296 11
1615798393 12
1615971301 13
1617262869 14
1617262937 15
1619077568 16
1619077596 17
1619079109 18
1619145864 19
1619338910 20
1619338920 21
1619339412 22
1619339421 23
1619340182 24
1619348311 25
1619348326 26
1619599268 27
1619599335 28
1619686316 29
1620291926 30
1620814389 31
1620874563 32
1620874778 33
1620983829 34
1620983850 35
1621242069 36
1621479537 37
1621479563 38
1621504569 39
1621504906 40
1621561948 41
1621838790 42
1621927354 43
1621930352 44
1621937009 45
1621991481 46
1623204815 47
1623221468 48
1623226060 49
1623312238 50
1623751380 51
1623751396 52
1623751484 53
1624526457 54
1624949347 55
1624949390 56
1625539346 57
1626312430 58
1626341288 59
1626341729 60
1626341973 61
1626752390 62
1626752421 63
1626858006 64
1626858199 65
1626917837 66
1627009702 67
1627294514 68
1627381565 69
1627466864 70
1627631094 71
1627882448 72
1627960254 73
1628243590 74
1628475250 75
1629706837 76
1629707783 77
1629708036 78
1629855132 79
1629965022 80
1630551802 81
1630553731 82
1631613546 83
1631928665 84
1631955105 85
1631955239 86
1632276503 87
1633677422 88
1635153546 89
1635153609 90
1635305597 91
1635306486 92
1635316330 93
1635329205 94
1635413637 95
1635472754 96
1635492786 97
1635818127 98
1635844072 99
1635906762 100
1635924891 101
1635926534 102
1635996364 103
1635996421 104
1636016402 105
1636421810 106
1636421994 107
1636422135 108
1636445625 109
1636446131 110
1636446833 111
1636447142 112
1636447937 113
1636448757 114
1636452348 115
1636619265 116
1636688552 117
1637225009 118
1637226348 119
1637312685 120
1637313226 121
1637313361 122
1637313701 123
1637314488 124
1637314794 125
1637316858 126
1637563872 127
1637742274 128
1638174491 129
1638253465 130
1638256738 131
1638352377 132
1638355111 133
1638779044 134
1638780984 135
1638866279 136
1638870739 137
1638872048 138
1638872533 139
1638872564 140
1639102556 141
1639127246 142
1639709351 143
1639709400 144
1639732504 145
1640054486 146
1644200143 147
1644566225 148
1646635360 149
1646643480 150
1646905326 151
1647332048 152
1647332892 153
1647418751 154
1647589570 155
1647589582 156
1647590286 157
1649407373 158
1649755883 159
1649758372 160
1649822671 161
1649992868 162
1650005829 163
1651718943 164
1652767513 165
1654592063 166
1656490960 167
1656490967 168
1658990170 169
1660189823 170
1660189830 171
1662456401 172
1662456416 173
1663574970 174
1663574997 175
1664259136 176
1666163667 177
1666163700 178
1670551509 179
1670920593 180
1672302078 181
1672731170 182
1675671211 183
1676433006 184
1678247154 185
1678341965 186
1678341988 187
1680509216 188
1680748589 189
1682651611 190
1683166333 191
1683166612 192
1683167097 193
1683169218 194
1683618035 195
1685605507 196
1685669595 197
1685687482 198
1685953169 199
1686125594 200
1686125983 201
1686532960 202
1686811887 203
1688026959 204
1688450764 205
1688453599 206
1688808863 207
1688954097 208
1688956361 209
1688956649 210
1688957502 211
1688972764 212
1688972835 213
1688973122 214
1689041553 215
1689045292 216
1689131870 217
1689299838 218
1691045260 219
1692602439 220
1693553413 221
1693795529 222
1693796519 223
1693884826 224
1695117317 225
1699605841 226
1699605853 227
1703584877 228
1715911182 229
1718093385 230
1718093457 231
