1610606481 4400
1610937289 4467
1615187577 4468
1615187974 4469
1615197709 4543
1615205191 4548
1615518123 4564
1615528818 4564
1615542953 4982
1615542993 4982
1615798296 5016
1615798393 5018
1615971301 5336
1617262869 5399
1617262937 5399
1619077568 7014
1619077596 7014
1619079109 7092
1619145864 7095
1619338910 7097
1619338920 7097
1619339412 7098
1619339421 7098
1619340182 7100
1619348311 7101
1619348326 7101
1619599268 7147
1619599335 7147
1619686316 7153
1620291926 7162
1620814389 7285
1620874563 7374
1620874778 7376
1620983829 7381
1620983850 7381
1621242069 7385
1621479537 7474
1621479563 7474
1621504569 7499
1621504906 7499
1621561948 7506
1621838790 7511
1621927354 7514
1621930352 7523
1621937009 7526
1621991481 7533
1623204815 7552
1623221468 7555
1623226060 7557
1623312238 7559
1623751380 7560
1623751396 7560
1623751484 7562
1624526457 7647
1624949347 7739
1624949390 7739
1625539346 7814
1626312430 7941
1626341288 7945
1626341729 7947
1626341973 7966
1626752390 8060
1626752421 8060
1626858006 8074
1626858199 8074
1626917837 8079
1627009702 8083
1627294514 8548
1627381565 8564
1627466864 8567
1627631094 8568
1627882448 8574
1627960254 8595
1628243590 8601
1628475250 8648
1629706837 8665
1629707783 8669
1629708036 8678
1629855132 8688
1629965022 8699
1630551802 8702
1630553731 8713
1631613546 8749
1631928665 8918
1631955105 8919
1631955239 8920
1632276503 8930
1633677422 8936
1635153546 9912
1635153609 9912
1635305597 9943
1635306486 9975
1635316330 9978
1635329205 9997
1635413637 10002
1635472754 10113
1635492786 10116
1635818127 10119
1635844072 10123
1635906762 10139
1635924891 10147
1635926534 10153
1635996364 10203
1635996421 10297
1636016402 10331
1636421810 10415
1636421994 10415
1636422135 10417
1636445625 10757
1636446131 10760
1636446833 10765
1636447142 10766
1636447937 12015
1636448757 12016
1636452348 12027
1636619265 12186
1636688552 12201
1637225009 12441
1637226348 12988
1637312685 13186
1637313226 13200
1637313361 13201
1637313701 13202
1637314488 13203
1637314794 13207
1637316858 13232
1637563872 13234
1637742274 13234
1638174491 13246
1638253465 13247
1638256738 13285
1638352377 13287
1638355111 13288
1638779044 13498
1638780984 13529
1638866279 13561
1638870739 13565
1638872048 13572
1638872533 13578
1638872564 13578
1639102556 13579
1639127246 13587
1639709351 13608
1639709400 13608
1639732504 13609
1640054486 13640
1644200143 13642
1644566225 13646
1646635360 13654
1646643480 13686
1646905326 13687
1647332048 13702
1647332892 13703
1647418751 13724
1647589570 13865
1647589582 13865
1647590286 13884
1649407373 13885
1649755883 13886
1649758372 13950
1649822671 14367
1649992868 14382
1650005829 14384
1651718943 14408
1652767513 14573
1654592063 14579
1656490960 14604
1656490967 14604
1658990170 14613
1660189823 14626
1660189830 14626
1662456401 14765
1662456416 14765
1663574970 14788
1663574997 14788
1664259136 14792
1666163667 14808
1666163700 14808
1670551509 14816
1670920593 14824
1672302078 15016
1672731170 15016
1675671211 15020
1676433006 15023
1678247154 15097
1678341965 15104
1678341988 15104
1680509216 15105
1680748589 15119
1682651611 15135
1683166333 15136
1683166612 15138
1683167097 15162
1683169218 15169
1683618035 15187
1685605507 15198
1685669595 15204
1685687482 15244
1685953169 15279
1686125594 15283
1686125983 15284
1686532960 15319
1686811887 15321
1688026959 15431
1688450764 15437
1688453599 15438
1688808863 15455
1688954097 15462
1688956361 15493
1688956649 15498
1688957502 15498
1688972764 15503
1688972835 15506
1688973122 15507
1689041553 15511
1689045292 15513
1689131870 15513
1689299838 15515
1691045260 15522
1692602439 15524
1693553413 15530
1693795529 15533
1693796519 15533
1693884826 15562
1695117317 15562
1699605841 15569
1699605853 15569
1703584877 15662
1715911182 15673
1718093385 15708
1718093457 15736
