1610606481 4400
1610937289 4466
1615187577 4466
1615187974 4466
1615197709 4517
1615205191 4519
1615518123 4526
1615528818 4524
1615542953 4937
1615542993 4998
1615798296 5011
1615798393 5011
1615971301 5287
1619338910 5288
1619338920 8049
1619339412 8049
1619339421 8052
1619340182 8048
1619348311 8048
1619348326 8037
1620814389 8129
1620874563 8212
1620874778 8213
1620983829 8217
1620983850 8259
1621242069 8261
1621479537 8312
1621479563 8298
1621504569 8317
1621504906 8305
1621930352 8312
1621991481 8309
1623204815 8324
1623221468 8327
1623226060 8329
1623312238 8330
1623751380 8330
1623751396 8331
1623751484 8331
1624526457 8353
1629706837 8361
1629707783 8362
1629708036 8361
1629855132 8356
1629965022 8361
1630551802 8362
1630553731 8362
1631613546 8347
1631928665 8468
1631955105 8468
1631955239 8468
1632276503 8472
1633677422 8472
1635153546 8591
1635153609 8591
1635305597 8611
1635306486 8639
1635316330 8642
1635329205 8655
1635413637 8657
1635472754 8657
1635492786 8657
1635818127 8656
1635844072 8659
1635906762 8675
1635924891 8683
1635926534 8685
1635996364 8704
1635996421 8675
1636016402 8670
1636421810 8741
1636421994 8739
1636422135 8739
1636445625 8908
1636446131 8908
1636446833 8912
1636447142 8913
1636447937 9032
1636448757 9033
1636452348 9042
1636619265 9163
1636688552 9174
1637225009 9062
1637226348 9604
1637312685 9793
1637313226 9799
1637313361 9800
1637313701 9801
1637314488 9800
1637314794 9802
1637316858 9825
1637563872 9827
1637742274 9827
1638174491 9829
1638253465 9830
1638256738 9866
1638352377 9866
1638355111 9867
1638779044 9984
1638780984 10000
1638866279 10001
1638870739 10005
1638872048 10012
1638872533 10017
1638872564 10013
1639102556 10012
1639127246 10013
1639709351 10033
1639709400 10086
1639732504 10086
1640054486 10115
1644200143 10117
1644566225 10120
1646635360 10124
1646643480 10156
1646905326 10156
1647332048 10158
1647332892 10157
1647418751 10177
1647589570 10299
1647589582 10769
1647590286 10647
1649407373 10647
1649755883 10644
1649758372 10629
1649822671 10894
1649992868 10891
1650005829 10893
1651718943 10898
1652767513 10807
1654592063 10806
1656490960 10815
1656490967 10815
1658990170 10818
1660189823 10830
1660189830 10830
1670551509 10830
1670920593 10830
1672302078 10842
1672731170 10842
1675671211 10844
1676433006 10847
1678247154 10899
1680509216 10899
1680748589 10908
1682651611 10921
1683166333 10917
1683166612 10919
1683167097 10919
1683169218 10924
1683618035 10922
1685605507 10925
1685669595 10928
1685687482 10946
1685953169 10948
1686125594 10947
1686125983 10948
1688026959 11028
1688450764 11028
1688453599 11028
1688808863 11036
1688954097 11028
1688956361 11054
1688956649 11054
1688957502 11051
1688972764 11050
1688972835 11052
1688973122 11045
1689041553 11049
1689045292 11050
1689131870 11047
1689299838 11047
1691045260 11052
1692602439 11039
1693553413 11045
1693795529 11046
1693796519 11045
1693884826 11072
1695117317 11023
1699605841 11027
1699605853 11027
1703584877 11107
1715911182 11117
1718093385 11124
1718093457 11117
