1593491190 0 1 0
1593568450 0 2 0
1593575363 0 3 0
1593679597 0 4 0
1593681426 0 5 0
1593696753 0 6 0
1596105886 1 6 0
1596105910 2 6 0
1596105931 3 6 0
1596437520 4 6 0
1597026165 5 6 0
1597026405 5 6 1
1597393182 6 6 1
1597395176 7 6 1
1597395407 8 6 1
1597632294 9 6 1
1597652885 9 6 2
1597652895 9 6 3
1597659546 9 6 4
1597660606 10 6 4
1597669994 11 6 4
1597804527 11 6 5
1597804535 11 6 6
1597825377 12 6 6
1597825420 13 6 6
1597825443 14 6 6
1597831674 14 6 7
1597890459 15 6 7
1597892629 15 6 8
1597892635 15 6 9
1597908407 15 6 10
1597911331 15 6 11
1597923029 15 6 12
1597977701 15 6 13
1597977768 15 6 14
1598163425 16 6 14
1598170228 16 7 14
1598175158 17 7 14
1598175178 18 7 14
1598266519 18 8 14
1598266591 18 9 14
1598266662 19 9 14
1598266744 20 9 14
1598270884 20 10 14
1598270894 20 11 14
1598321509 20 11 15
1598321665 20 11 16
1598327138 20 11 17
1598338515 20 11 18
1598340782 20 11 19
1598345697 21 11 19
1598345724 22 11 19
1598346225 22 11 20
1598347255 23 11 20
1598347264 24 11 20
1598349829 24 12 20
1598350052 24 12 21
1598350058 24 12 22
1598351949 24 13 22
1598351967 24 14 22
1598351973 24 15 22
1598352004 24 15 23
1598352010 24 15 24
1598352377 25 15 24
1598352558 25 15 25
1598352565 25 15 26
1598352778 25 15 27
1598352882 25 15 28
1598355353 25 15 29
1598355604 25 15 30
1598355638 26 15 30
1598355781 26 15 31
1598355803 26 15 32
1598356209 26 15 33
1598448472 27 15 33
1598495172 27 16 33
1598495189 27 17 33
1598496838 27 18 33
1598513226 27 19 33
1598515890 27 20 33
1598527047 28 20 33
1598926455 28 20 34
1598926616 29 20 34
1599041291 30 20 34
1599042354 31 20 34
1599043124 32 20 34
1599047507 33 20 34
1599047876 34 20 34
1599048761 35 20 34
1599101318 36 20 34
1599106705 37 20 34
1599107326 38 20 34
1599107438 38 21 34
1599107448 38 22 34
1599107498 38 23 34
1599107592 38 24 34
1599107836 39 24 34
1599108250 40 24 34
1599108836 41 24 34
1599113110 42 24 34
1599115755 43 24 34
1599116845 44 24 34
1599121732 44 24 35
1599122650 45 24 35
1599122996 46 24 35
1599123435 47 24 35
1599124207 48 24 35
1599125775 49 24 35
1599127082 50 24 35
1599187130 51 24 35
1599204754 51 24 36
1599206547 52 24 36
1599206562 53 24 36
1599207247 53 24 37
1599453110 54 24 37
1599453249 55 24 37
1599468902 56 24 37
1599470450 57 24 37
1599470696 58 24 37
1599474623 59 24 37
1599565169 60 24 37
1599565355 61 24 37
1599634522 62 24 37
1599727954 63 24 37
1599728570 64 24 37
1599737160 65 24 37
1599791212 66 24 37
1599798753 66 25 37
1599810974 67 25 37
1599811026 67 26 37
1599811101 67 27 37
1599813300 67 28 37
1599813364 67 28 38
1599813371 67 28 39
1599813562 67 28 40
1599819851 67 28 41
1599821611 68 28 41
1599821643 69 28 41
1599821810 69 29 41
1599821822 69 30 41
1600052515 70 30 41
1600052851 71 30 41
1600055487 72 30 41
1600066202 72 30 42
1600066212 72 30 43
1600067353 72 30 44
1600067647 72 30 45
1600068106 72 30 46
1600070474 72 31 46
1600070792 72 31 47
1600072099 72 32 47
1600072609 72 33 47
1600073088 72 33 48
1600080430 73 33 48
1600081045 74 33 48
1600133945 75 33 48
1600134814 76 33 48
1600136634 77 33 48
1600154109 77 34 48
1600154119 77 35 48
1600158143 78 35 48
1600158184 79 35 48
1600162512 79 35 49
1600162626 79 35 50
1600162940 79 35 51
1600166562 79 36 51
1600166736 79 37 51
1600168563 79 38 51
1600169826 79 39 51
1600170209 79 40 51
1600174895 79 41 51
1600224266 80 41 51
1600224341 81 41 51
1600226258 82 41 51
1600229792 83 41 51
1600229863 84 41 51
1600230035 85 41 51
1600253000 86 41 51
1600254261 87 41 51
1600316546 88 41 51
1600329983 88 42 51
1600399196 89 42 51
1600399205 90 42 51
1600425769 91 42 51
1600679288 92 42 51
1600679901 92 42 52
1600679905 93 42 52
1600679927 94 42 52
1600681488 95 42 52
1600739127 95 42 53
1600739137 95 42 54
1600740108 95 42 55
1600745314 96 42 55
1600760203 97 42 55
1600764317 98 42 55
1600764565 99 42 55
1600768645 100 42 55
1600768908 101 42 55
1600826238 102 42 55
1600828182 103 42 55
1600835271 104 42 55
1600843077 105 42 55
1600852098 105 42 56
1600852330 105 42 57
1600855108 106 42 57
1600855120 107 42 57
1600943154 108 42 57
1601002710 109 42 57
1601003642 110 42 57
1601005117 111 42 57
1601006404 112 42 57
1601024614 113 42 57
1601024777 114 42 57
1601033284 115 42 57
1601034747 116 42 57
1601039571 116 43 57
1601040864 116 44 57
1601176509 117 44 57
1601179964 117 44 58
1601180471 117 44 59
1601180591 117 44 60
1601194357 118 44 60
1601194382 119 44 60
1601194394 120 44 60
1601200080 121 44 60
1601266760 121 44 61
1601266769 121 44 62
1601267122 121 44 63
1601286847 122 44 63
1601286866 123 44 63
1601288872 124 44 63
1601440650 124 44 64
1602208734 125 44 64
1602234273 126 44 64
1602234783 127 44 64
1602483673 128 44 64
1602490726 129 44 64
1602558347 130 44 64
1602562376 131 44 64
1602579378 132 44 64
1602642283 133 44 64
1602648786 134 44 64
1602649897 135 44 64
1602656599 136 44 64
1602664330 137 44 64
1602671368 138 44 64
1602746434 139 44 64
1602748474 140 44 64
1602753779 140 44 65
1602753787 140 44 66
1602756245 140 44 67
1602757174 140 44 68
1602829585 141 44 68
1602830473 142 44 68
1602835262 143 44 68
1602838107 144 44 68
1603098820 145 44 68
1603100729 146 44 68
1603102473 147 44 68
1603102740 148 44 68
1603103122 149 44 68
1603103300 150 44 68
1603251000 150 44 69
1603251016 150 44 70
1603264585 151 44 70
1603332084 152 44 70
1603360125 153 44 70
1603435654 154 44 70
1603679235 154 44 71
1603679246 154 44 72
1603698072 155 44 72
1603766027 156 44 72
1603766079 157 44 72
1603766877 158 44 72
1603867699 159 44 72
1603875843 160 44 72
1603876939 161 44 72
1603879277 162 44 72
1603879768 163 44 72
1603882544 164 44 72
1603888896 164 45 72
1604024676 164 45 73
1604283672 165 45 73
1604317003 166 45 73
1604322172 167 45 73
1604372055 168 45 73
1604374114 169 45 73
1604377494 170 45 73
1604400719 171 45 73
1604407379 172 45 73
1604480750 173 45 73
1604559624 174 45 73
1604649187 175 45 73
1604653610 176 45 73
1604657409 177 45 73
1604657729 178 45 73
1604889367 179 45 73
1604889456 180 45 73
1604891292 181 45 73
1604902854 182 45 73
1604989696 183 45 73
1604996949 184 45 73
1604997406 185 45 73
1604999606 186 45 73
1605000756 187 45 73
1605000846 188 45 73
1605002567 189 45 73
1605003597 190 45 73
1605083919 191 45 73
1605088594 192 45 73
1605096032 193 45 73
1605493782 194 45 73
1605497188 195 45 73
1605498009 196 45 73
1605579327 197 45 73
1605593951 198 45 73
1605602226 199 45 73
1605670051 199 46 73
1605685072 199 47 73
1605685391 199 48 73
1605692976 199 49 73
1605693092 199 50 73
1606060343 200 50 73
1606098301 201 50 73
1606100569 202 50 73
1606122165 203 50 73
1606125826 204 50 73
1606199135 205 50 73
1606208212 206 50 73
1606285113 207 50 73
1606294796 208 50 73
1606363490 209 50 73
1606442588 210 50 73
1606473503 211 50 73
1606720197 212 50 73
1606805527 213 50 73
1606805803 214 50 73
1606807399 214 51 73
1606820263 214 52 73
1606892145 214 53 73
1606892686 214 54 73
1606905371 214 54 74
1606905694 214 54 75
1606905881 214 54 76
1606960970 214 54 77
1606961318 214 54 78
1606963020 214 54 79
1606966041 214 54 80
1606998101 215 54 80
1607051147 216 54 80
1607055192 216 55 80
1607055584 216 56 80
1607055688 216 57 80
1607055834 216 58 80
1607063618 217 58 80
1607064677 217 59 80
1607064690 217 60 80
1607071938 217 61 80
1607072938 218 61 80
1607072944 219 61 80
1607079070 220 61 80
1607080093 221 61 80
1607308136 221 62 80
1607308776 222 62 80
1607308787 223 62 80
1607312357 224 62 80
1607339169 225 62 80
1607339402 226 62 80
1607392614 227 62 80
1607417117 228 62 80
1607423067 229 62 80
1607425218 230 62 80
1607514351 230 63 80
1607514362 230 64 80
1607583324 231 64 80
1607583467 232 64 80
1607585636 233 64 80
1607656483 234 64 80
1607658191 235 64 80
1607661234 235 65 80
1607670007 236 65 80
1607672782 237 65 80
1607673180 238 65 80
1607935467 239 65 80
1607936479 240 65 80
1608284277 241 65 80
1608889648 242 65 80
1608891485 243 65 80
1608891664 244 65 80
1608892224 245 65 80
1608892289 246 65 80
1609121495 247 65 80
1609208162 248 65 80
1609295595 249 65 80
1609317312 250 65 80
1609395745 251 65 80
1609402240 252 65 80
1609816366 253 65 80
1609988501 254 65 80
1609989347 255 65 80
1609992364 256 65 80
1609993552 257 65 80
1610000469 258 65 80
1610004860 259 65 80
1610005786 260 65 80
1610006690 261 65 80
1610011035 262 65 80
1610011942 263 65 80
1610016182 264 65 80
1610030075 264 66 80
1610073146 264 67 80
1610077721 265 67 80
1610418285 266 67 80
1610420271 267 67 80
1610421689 268 67 80
1610443206 269 67 80
1610446062 269 67 81
1610447244 269 67 82
1610447426 269 67 83
1610447979 269 67 84
1610448188 269 67 85
1610448939 269 67 86
1611042300 270 67 86
1611042386 271 67 86
1611042798 272 67 86
1611043009 273 67 86
1611046586 274 67 86
1611046636 275 67 86
1611047778 276 67 86
1611048448 277 67 86
1611048570 278 67 86
1611049830 279 67 86
1611050972 280 67 86
1611051745 281 67 86
1611051944 282 67 86
1611052303 283 67 86
1611055645 284 67 86
1611112444 285 67 86
1611115247 286 67 86
1611128580 287 67 86
1611196613 288 67 86
1611197110 289 67 86
1611202320 290 67 86
1611226381 291 67 86
1611229056 292 67 86
1611231247 293 67 86
1611234030 294 67 86
1611234706 294 67 87
1611234715 294 67 88
1611236117 295 67 88
1611236136 296 67 88
1611236474 297 67 88
1611237028 298 67 88
1611284696 299 67 88
1611296576 300 67 88
1611543423 301 67 88
1611544784 302 67 88
1611555312 303 67 88
1611576469 304 67 88
1611821739 305 67 88
1611829981 306 67 88
1611888415 307 67 88
1611891599 308 67 88
1611903222 309 67 88
1612267768 310 67 88
1612341016 311 67 88
1613719341 312 67 88
1613725184 313 67 88
1613729292 314 67 88
1613815515 315 67 88
1613957272 316 67 88
1614074880 317 67 88
1614075469 318 67 88
1614076309 319 67 88
1614076676 320 67 88
1614305349 321 67 88
1614305588 322 67 88
1614563671 323 67 88
1614583002 324 67 88
1614756344 325 67 88
1614756373 326 67 88
1614829110 327 67 88
1614830146 328 67 88
1614836670 329 67 88
1615189906 330 67 88
1615197577 331 67 88
1615205168 332 67 88
1615261184 333 67 88
1615270765 334 67 88
1615271305 335 67 88
1615272028 336 67 88
1615276640 337 67 88
1615276772 338 67 88
1615280817 339 67 88
1615340498 340 67 88
1615518041 341 67 88
1615528784 342 67 88
1615774675 343 67 88
1615777128 344 67 88
1615859770 344 68 88
1615860107 344 69 88
1615862718 344 70 88
1615966174 344 71 88
1615976879 344 72 88
1615985148 344 73 88
1616034922 345 73 88
1616036104 346 73 88
1616036228 347 73 88
1616036370 348 73 88
1616036433 349 73 88
1616037616 350 73 88
1616053116 351 73 88
1616077306 351 74 88
1616077896 351 75 88
1616078436 351 76 88
1616134768 352 76 88
1616134808 353 76 88
1616148099 354 76 88
1616148362 355 76 88
1616379592 356 76 88
1616395736 357 76 88
1616395857 358 76 88
1616400185 359 76 88
1616567867 360 76 88
1616753279 361 76 88
1616753483 362 76 88
1617001269 363 76 88
1617262818 364 76 88
1617285358 364 77 88
1617286184 364 78 88
1617286505 364 79 88
1617286876 364 80 88
1617291771 364 81 88
1617291851 364 82 88
1617292136 364 83 88
1617292841 364 84 88
1617293159 364 85 88
1617293678 364 86 88
1617293854 364 87 88
1617293986 364 88 88
1617330012 364 89 88
1617331563 364 90 88
1617331852 364 91 88
1617331914 364 92 88
1617335081 364 93 88
1617335930 364 94 88
1617341625 364 95 88
1617342140 364 96 88
1617344177 364 97 88
1617344400 364 98 88
1617344773 364 99 88
1617345613 364 100 88
1617346246 364 101 88
1617346368 364 102 88
1617346503 364 103 88
1617348797 365 103 88
1617349266 366 103 88
1617349791 366 104 88
1617349800 366 105 88
1617351313 366 106 88
1617351954 367 106 88
1617351971 368 106 88
1617352007 368 107 88
1617352016 368 108 88
1617352233 368 109 88
1617673304 369 109 88
1617688500 370 109 88
1617688758 370 110 88
1617688769 370 111 88
1617689804 370 112 88
1617691225 370 113 88
1617765317 371 113 88
1617765359 372 113 88
1617777269 373 113 88
1617851941 374 113 88
1618285040 375 113 88
1618372256 376 113 88
1618452415 377 113 88
1618453978 378 113 88
1618537029 379 113 88
1618545581 380 113 88
1618811628 381 113 88
1618812754 382 113 88
1618813083 383 113 88
1618990040 384 113 88
1619057599 385 113 88
1619059847 386 113 88
1619077442 387 113 88
1619159435 388 113 88
1619159597 389 113 88
1619161763 390 113 88
1619599223 391 113 88
1619660867 392 113 88
1619749692 393 113 88
1620292964 394 113 88
1620633307 395 113 88
1620726006 396 113 88
1620726342 397 113 88
1620726674 398 113 88
1620727892 399 113 88
1620814425 400 113 88
1620815227 401 113 88
1620876443 402 113 88
1620888383 403 113 88
1620890588 404 113 88
1620893203 405 113 88
1620897396 406 113 88
1620959199 407 113 88
1620983863 408 113 88
1621302913 409 113 88
1621561922 410 113 88
1621911531 411 113 88
1621938541 412 113 88
1621939159 413 113 88
1621993543 414 113 88
1622010270 415 113 88
1622084922 416 113 88
1622085635 417 113 88
1622433260 418 113 88
1622788232 419 113 88
1623221573 420 113 88
1623228274 421 113 88
1623232387 422 113 88
1623232642 423 113 88
1623233342 424 113 88
1623233455 425 113 88
1623233694 426 113 88
1623290863 427 113 88
1623291198 428 113 88
1623291485 429 113 88
1623291751 430 113 88
1623292331 431 113 88
1623292711 432 113 88
1623293975 433 113 88
1623307677 434 113 88
1623311450 435 113 88
1623722516 436 113 88
1623723528 437 113 88
1623724067 438 113 88
1623809780 439 113 88
1623832094 440 113 88
1623917009 441 113 88
1623987495 442 113 88
1623987560 443 113 88
1623988642 444 113 88
1624269402 445 113 88
1624327052 446 113 88
1624349708 447 113 88
1624413268 448 113 88
1624526480 449 113 88
1624612614 450 113 88
1624621485 451 113 88
1624701717 452 113 88
1624769184 453 113 88
1625018088 454 113 88
1625109524 455 113 88
1625109670 456 113 88
1625196861 457 113 88
1625214482 458 113 88
1625456050 459 113 88
1625476241 460 113 88
1625476437 461 113 88
1625476582 462 113 88
1625476729 463 113 88
1625539367 464 113 88
1625540630 465 113 88
1625541054 466 113 88
1625541351 467 113 88
1626075243 468 113 88
1626357114 469 113 88
1626403079 470 113 88
1626407242 471 113 88
1626416470 472 113 88
1626425594 473 113 88
1626659344 474 113 88
1626661939 475 113 88
1626662017 476 113 88
1626662728 477 113 88
1626674056 478 113 88
1626850841 479 113 88
1626850895 480 113 88
1627294480 481 113 88
1627352155 482 113 88
1627352582 483 113 88
1627365808 484 113 88
1627365910 485 113 88
1627366646 486 113 88
1627373068 487 113 88
1627458128 488 113 88
1627458771 489 113 88
1627528299 490 113 88
1627528731 491 113 88
1627529479 492 113 88
1627530416 493 113 88
1627955953 494 113 88
1627956264 495 113 88
1627970982 496 113 88
1628056589 497 113 88
1628128460 498 113 88
1628131390 499 113 88
1628214661 500 113 88
1628219192 501 113 88
1628242150 502 113 88
1628243556 503 113 88
1628475211 504 113 88
1628734210 504 114 88
1628735232 504 115 88
1628737438 505 115 88
1628837011 506 115 88
1629024892 507 115 88
1629101224 508 115 88
1629186377 509 115 88
1629340561 510 115 88
1629366311 511 115 88
1629423451 512 115 88
1629446102 513 115 88
1629446989 514 115 88
1629450208 515 115 88
1629701283 516 115 88
1629796265 517 115 88
1629888895 518 115 88
1629964777 519 115 88
1629964798 520 115 88
1630058230 521 115 88
1630374565 522 115 88
1630399552 523 115 88
1630478360 524 115 88
1630549866 525 115 88
1630550531 526 115 88
1630554054 527 115 88
1630562299 528 115 88
1630562574 529 115 88
1630648585 530 115 88
1630656500 531 115 88
1630892739 532 115 88
1630915767 533 115 88
1631091339 534 115 88
1631175444 535 115 88
1631177251 536 115 88
1631263974 537 115 88
1631527719 538 115 88
1631613137 539 115 88
1631701018 540 115 88
1631702552 541 115 88
1631928879 542 115 88
1632402979 543 115 88
1632798192 544 115 88
1634021729 545 115 88
1634022430 546 115 88
1634289217 547 115 88
1634639961 548 115 88
1634640496 549 115 88
1634800527 550 115 88
1634888675 551 115 88
1635153815 552 115 88
1635306185 553 115 88
1635413038 554 115 88
1635413585 555 115 88
1635489514 556 115 88
1635492764 557 115 88
1635735422 558 115 88
1636956796 559 115 88
1637224398 560 115 88
1637638490 561 115 88
1637742123 562 115 88
1637890832 563 115 88
1638179998 564 115 88
1638256840 565 115 88
1638352415 566 115 88
1638355207 567 115 88
1638774619 568 115 88
1638777849 569 115 88
1639019735 570 115 88
1639557470 571 115 88
1639625754 572 115 88
1639638389 573 115 88
1639641396 574 115 88
1640054626 575 115 88
1640054642 576 115 88
1640167688 577 115 88
1640168733 578 115 88
1640250170 579 115 88
1640593613 580 115 88
1640671168 581 115 88
1640855354 582 115 88
1640855955 583 115 88
1640942343 584 115 88
1641282741 585 115 88
1641284120 586 115 88
1641355247 587 115 88
1641372444 588 115 88
1641391311 589 115 88
1641435412 590 115 88
1641536647 591 115 88
1641540751 592 115 88
1641541384 593 115 88
1641800541 594 115 88
1641873072 595 115 88
1641873149 596 115 88
1641881003 597 115 88
1641958060 598 115 88
1642043186 599 115 88
1642045930 600 115 88
1642063436 601 115 88
1642067088 602 115 88
1642141034 603 115 88
1642484625 604 115 88
1642573693 605 115 88
1642736789 606 115 88
1644199996 607 115 88
1644200076 608 115 88
1644200105 609 115 88
1644286881 610 115 88
1644371870 611 115 88
1644372951 612 115 88
1644387310 613 115 88
1644567436 614 115 88
1644568995 615 115 88
1644569242 616 115 88
1644569963 617 115 88
1644570124 618 115 88
1644653712 619 115 88
1644659876 620 115 88
1644661650 621 115 88
1644662355 622 115 88
1644666874 623 115 88
1644723893 624 115 88
1644729879 625 115 88
1644733070 626 115 88
1644734281 627 115 88
1644739527 628 115 88
1644739597 629 115 88
1644740669 630 115 88
1644741174 631 115 88
1644817472 632 115 88
1644904720 633 115 88
1645013447 634 115 88
1645082410 635 115 88
1645148305 636 115 88
1645148754 637 115 88
1645173338 638 115 88
1645177877 639 115 88
1645428305 640 115 88
1645434199 641 115 88
1645435219 642 115 88
1645436132 643 115 88
1645436488 644 115 88
1646027716 645 115 88
1646039622 646 115 88
1646205259 647 115 88
1646205366 648 115 88
1646289189 649 115 88
1646633216 650 115 88
1646643530 651 115 88
1646789579 652 115 88
1646805834 653 115 88
1646891413 654 115 88
1646962447 655 115 88
1646964296 656 115 88
1646990303 657 115 88
1647245746 658 115 88
1647250233 659 115 88
1647332036 660 115 88
1647333133 661 115 88
1647333796 662 115 88
1647334125 663 115 88
1647418715 664 115 88
1647419840 665 115 88
1647419964 666 115 88
1647482275 667 115 88
1647502079 668 115 88
1647566931 669 115 88
1647571276 670 115 88
1647574034 671 115 88
1647591772 672 115 88
1647594054 673 115 88
1647596538 674 115 88
1647828214 675 115 88
1647828389 676 115 88
1647849069 677 115 88
1648088132 678 115 88
1648102432 679 115 88
1648193585 680 115 88
1648548058 681 115 88
1648632866 682 115 88
1648894614 683 115 88
1649208434 684 115 88
1649208530 685 115 88
1649226871 686 115 88
1649380852 687 115 88
1649383165 688 115 88
1649405692 689 115 88
1649407480 690 115 88
1649659137 691 115 88
1649735179 692 115 88
1649748373 693 115 88
1649748458 694 115 88
1649748874 695 115 88
1649756713 696 115 88
1649758068 697 115 88
1649818360 698 115 88
1649822546 699 115 88
1649899538 700 115 88
1649901273 701 115 88
1649908323 702 115 88
1649921810 703 115 88
1649992137 704 115 88
1650267178 705 115 88
1650268518 706 115 88
1650443732 707 115 88
1650444765 708 115 88
1650617372 709 115 88
1650958988 710 115 88
1650959879 711 115 88
1651223213 712 115 88
1651736014 713 115 88
1652068021 714 115 88
1652086687 715 115 88
1652172519 716 115 88
1652253726 717 115 88
1652695240 718 115 88
1652695477 719 115 88
1652749768 720 115 88
1652767585 721 115 88
1652840704 722 115 88
1652852138 723 115 88
1652944307 724 115 88
1653361401 725 115 88
1653379795 726 115 88
1653633299 727 115 88
1653893491 728 115 88
1653894291 729 115 88
1654075327 730 115 88
1654133968 731 115 88
1654138791 732 115 88
1654583370 733 115 88
1654667010 734 115 88
1654669966 735 115 88
1654677496 736 115 88
1654743167 737 115 88
1654745823 738 115 88
1654746761 739 115 88
1654840310 740 115 88
1654853494 741 115 88
1655178821 742 115 88
1655190845 743 115 88
1655191819 744 115 88
1655194378 745 115 88
1655359743 746 115 88
1655359847 747 115 88
1655709613 748 115 88
1655880560 749 115 88
1655881441 750 115 88
1655892899 751 115 88
1656482106 752 115 88
1656484285 753 115 88
1656489249 754 115 88
1656491056 755 115 88
1657006638 756 115 88
1657013982 757 115 88
1657014877 758 115 88
1657161643 759 115 88
1657265755 760 115 88
1657503888 761 115 88
1657514241 762 115 88
1657527939 763 115 88
1657595547 764 115 88
1658132315 765 115 88
1658990209 766 115 88
1658993959 767 115 88
1659338759 768 115 88
1659339042 769 115 88
1659429862 770 115 88
1659595635 771 115 88
1659596324 772 115 88
1659597698 773 115 88
1659599009 774 115 88
1659679371 775 115 88
1659686122 776 115 88
1659696781 777 115 88
1660096715 778 115 88
1660189932 779 115 88
1660630742 780 115 88
1660706628 781 115 88
1660875780 782 115 88
1661133426 783 115 88
1661502913 784 115 88
1661506033 785 115 88
1661928856 786 115 88
1661997814 787 115 88
1662456326 788 115 88
1662706913 789 115 88
1662707023 790 115 88
1662707343 791 115 88
1663137962 792 115 88
1663412990 792 116 88
1663413181 792 117 88
1663748455 793 117 88
1663748503 794 117 88
1663900089 795 117 88
1663925535 796 117 88
1664173042 797 117 88
1664259043 798 117 88
1665198567 799 117 88
1665295167 800 117 88
1665302637 801 117 88
1665303279 802 117 88
1665372559 803 117 88
1665372618 804 117 88
1665557637 805 117 88
1666079593 806 117 88
1666163594 807 117 88
1666174059 808 117 88
1666236643 809 117 88
1666253269 810 117 88
1666256239 811 117 88
1666258771 812 117 88
1666260874 813 117 88
1666691846 814 117 88
1666697360 815 117 88
1666697838 816 117 88
1666697958 817 117 88
1666858178 818 117 88
1666858656 819 117 88
1666872031 820 117 88
1666925303 821 117 88
1667358402 822 117 88
1667441567 823 117 88
1667531707 824 117 88
1667803864 825 117 88
1667871252 826 117 88
1667888400 827 117 88
1667890207 828 117 88
1667892212 829 117 88
1667980927 830 117 88
1668050486 831 117 88
1668062004 832 117 88
1668156599 833 117 88
1668414203 834 117 88
1668414404 835 117 88
1668484403 836 117 88
1668489952 837 117 88
1668581789 838 117 88
1668734832 839 117 88
1669882040 840 117 88
1669882094 841 117 88
1669882177 842 117 88
1669882188 843 117 88
1669967805 844 117 88
1669968121 845 117 88
1669968286 846 117 88
1669969900 847 117 88
1669972276 848 117 88
1669972876 849 117 88
1669974778 850 117 88
1669975554 851 117 88
1670206844 852 117 88
1670221605 853 117 88
1670295753 854 117 88
1670306740 855 117 88
1670314793 856 117 88
1670551347 857 117 88
1670644394 858 117 88
1670901780 859 117 88
1671074839 860 117 88
1671586077 861 117 88
1671586541 862 117 88
1672127798 863 117 88
1672299265 864 117 88
1672901691 865 117 88
1672904869 866 117 88
1672972570 867 117 88
1672987679 868 117 88
1673345298 869 117 88
1673353455 870 117 88
1673355943 871 117 88
1673359619 872 117 88
1673526955 873 117 88
1674982142 874 117 88
1675240473 875 117 88
1675652342 876 117 88
1675674444 877 117 88
1675738464 878 117 88
1675823785 879 117 88
1675824653 880 117 88
1676023601 881 117 88
1676368410 882 117 88
1676370272 883 117 88
1676370405 884 117 88
1676371072 885 117 88
1676442438 886 117 88
1676531393 887 117 88
1676616554 888 117 88
1676965834 889 117 88
1677491155 890 117 88
1677575181 891 117 88
1677822642 892 117 88
1678073627 893 117 88
1678085164 894 117 88
1678157212 895 117 88
1678158099 896 117 88
1678247133 897 117 88
1678766175 898 117 88
1678773067 899 117 88
1678773093 900 117 88
1678783473 901 117 88
1678785077 902 117 88
1678785135 903 117 88
1678785195 904 117 88
1678851447 905 117 88
1678860527 906 117 88
1678860807 907 117 88
1678876097 908 117 88
1678934130 909 117 88
1678939106 910 117 88
1678945160 911 117 88
1678946662 912 117 88
1678947434 913 117 88
1678948126 914 117 88
1678948231 915 117 88
1678948818 916 117 88
1678960144 917 117 88
1679020581 918 117 88
1679021379 919 117 88
1679022999 920 117 88
1679276500 921 117 88
1679277573 922 117 88
1679283334 923 117 88
1679283925 924 117 88
1679298834 925 117 88
1679366962 926 117 88
1679369428 927 117 88
1679561834 928 117 88
1679561992 929 117 88
1679564296 930 117 88
1679883038 931 117 88
1679904796 932 117 88
1679907541 933 117 88
1679910028 934 117 88
1679910135 935 117 88
1679984460 936 117 88
1679986660 937 117 88
1679989030 938 117 88
1680081055 939 117 88
1680232095 940 117 88
1680254966 941 117 88
1680504092 942 117 88
1680508828 943 117 88
1680587382 944 117 88
1681176290 945 117 88
1681176729 946 117 88
1681177124 947 117 88
1681177457 948 117 88
1681197296 949 117 88
1681198863 950 117 88
1681200459 951 117 88
1681206299 952 117 88
1681289268 953 117 88
1681293682 954 117 88
1681353121 955 117 88
1681354563 956 117 88
1681377708 957 117 88
1681386903 958 117 88
1681387164 959 117 88
1681387644 960 117 88
1681439282 961 117 88
1681439636 962 117 88
1681701576 963 117 88
1681702427 964 117 88
1681711901 965 117 88
1681712184 966 117 88
1681712433 967 117 88
1681725797 968 117 88
1681884070 969 117 88
1681887241 970 117 88
1681892664 972 117 88
1681892997 973 117 88
1681893019 974 117 88
1681893551 975 117 88
1681894336 976 117 88
1681895904 977 117 88
1681957133 978 117 88
1681957213 979 117 88
1681957455 980 117 88
1681957682 981 117 88
1681957755 982 117 88
1681961840 983 117 88
1681962935 984 117 88
1681970372 985 117 88
1682041997 986 117 88
1682060583 987 117 88
1682215935 988 117 88
1682229800 989 117 88
1682243999 990 117 88
1682304854 991 117 88
1682304874 992 117 88
1682315987 993 117 88
1682331375 994 117 88
1682408013 995 117 88
1682495387 996 117 88
1682559934 997 117 88
1682561868 998 117 88
1682562874 999 117 88
1682564186 1000 117 88
1682648467 1001 117 88
1682661470 1002 117 88
1682662864 1003 117 88
1682663237 1004 117 88
1683337164 1005 117 88
1683351279 1006 117 88
1683698924 1007 117 88
1683873794 1008 117 88
1683880298 1009 117 88
1684302337 1010 117 88
1684308569 1011 117 88
1684459829 1012 117 88
1684464001 1013 117 88
1684724846 1014 117 88
1684807515 1015 117 88
1684808924 1016 117 88
1684809841 1017 117 88
1684980215 1018 117 88
1685069296 1019 117 88
1685328434 1020 117 88
1685590167 1021 117 88
1685673122 1022 117 88
1686014384 1023 117 88
1686107575 1024 117 88
1686195778 1025 117 88
1686211672 1026 117 88
1686216653 1027 117 88
1686216933 1028 117 88
1686535014 1029 117 88
1686535222 1030 117 88
1686535592 1031 117 88
1686535742 1032 117 88
1686535870 1033 117 88
1686536075 1034 117 88
1686536223 1035 117 88
1686536446 1036 117 88
1686541588 1036 118 88
1686541624 1036 119 88
1686541652 1036 120 88
1686548345 1036 121 88
1686550601 1037 121 88
1686550631 1038 121 88
1686552326 1039 121 88
1686552349 1040 121 88
1686554159 1041 121 88
1686554553 1042 121 88
1686554697 1043 121 88
1686554787 1044 121 88
1686554932 1045 121 88
1686554991 1046 121 88
1686555164 1047 121 88
1686555222 1048 121 88
1686555265 1049 121 88
1686556930 1050 121 88
1686557188 1051 121 88
1686558150 1052 121 88
1686560323 1053 121 88
1686563294 1054 121 88
1686619454 1055 121 88
1686619623 1056 121 88
1686624165 1057 121 88
1686624284 1058 121 88
1686624360 1059 121 88
1686624696 1060 121 88
1686626071 1061 121 88
1686636365 1062 121 88
1686636763 1063 121 88
1686638097 1064 121 88
1686640351 1065 121 88
1686645313 1066 121 88
1686645361 1067 121 88
1686645459 1068 121 88
1686647248 1069 121 88
1686648845 1070 121 88
1686649469 1071 121 88
1686710225 1072 121 88
1686724354 1073 121 88
1686810019 1074 121 88
1686812194 1075 121 88
1687252323 1076 121 88
1688025386 1077 121 88
1688107293 1078 121 88
1688440247 1079 121 88
1688630395 1080 121 88
1688635641 1081 121 88
1688636748 1082 121 88
1688638632 1083 121 88
1688638748 1084 121 88
1688698008 1085 121 88
1688699305 1086 121 88
1688699631 1087 121 88
1688699718 1088 121 88
1688700656 1089 121 88
1688701496 1090 121 88
1688722692 1091 121 88
1688723812 1092 121 88
1688724082 1093 121 88
1688973818 1094 121 88
1689054947 1095 121 88
1689060678 1096 121 88
1689216189 1097 121 88
1689216204 1098 121 88
1689578393 1099 121 88
1689645855 1100 121 88
1689648099 1101 121 88
1689649998 1102 121 88
1689735808 1103 121 88
1689923045 1104 121 88
1690186536 1105 121 88
1690251993 1106 121 88
1690252035 1107 121 88
1690339345 1108 121 88
1690339565 1109 121 88
1690342012 1110 121 88
1690450908 1111 121 88
1690451079 1112 121 88
1690522521 1113 121 88
1690523494 1114 121 88
1690525182 1115 121 88
1690527551 1116 121 88
1690527803 1117 121 88
1690535604 1118 121 88
1690769874 1119 121 88
1690784175 1120 121 88
1690791334 1121 121 88
1691032318 1122 121 88
1691045161 1123 121 88
1691133552 1124 121 88
1691634331 1125 121 88
1691634396 1126 121 88
1691637128 1127 121 88
1692165671 1128 121 88
1692356968 1129 121 88
1692608246 1130 121 88
1692769932 1131 121 88
1692860539 1132 121 88
1693190685 1133 121 88
1693191116 1134 121 88
1693218926 1135 121 88
1693378075 1136 121 88
1693386672 1137 121 88
1693386918 1138 121 88
1693387116 1139 121 88
1693387901 1140 121 88
1693387983 1141 121 88
1693540447 1142 121 88
1693552092 1143 121 88
1693552258 1144 121 88
1693552569 1145 121 88
1693563029 1146 121 88
1693563196 1147 121 88
1693563288 1148 121 88
1693799930 1149 121 88
1694414873 1150 121 88
1694415611 1151 121 88
1694501849 1152 121 88
1695796993 1153 121 88
1696819767 1154 121 88
1697422093 1155 121 88
1697511637 1156 121 88
1697513178 1157 121 88
1697523105 1158 121 88
1697525989 1159 121 88
1698637799 1160 121 88
1698732836 1161 121 88
1699343302 1162 121 88
1699412527 1163 121 88
1699426917 1164 121 88
1699436956 1165 121 88
1699585785 1166 121 88
1699586199 1167 121 88
1699870402 1168 121 88
1699946179 1169 121 88
1699946218 1170 121 88
1700018488 1171 121 88
1700041122 1172 121 88
1700102348 1173 121 88
1700104192 1174 121 88
1700104268 1175 121 88
1700203872 1176 121 88
1700538986 1177 121 88
1700549492 1178 121 88
1700791613 1179 121 88
1701223788 1180 121 88
1701225648 1181 121 88
1701242866 1182 121 88
1701312355 1183 121 88
1702019884 1184 121 88
1702359418 1185 121 88
1702541342 1186 121 88
1702604870 1187 121 88
1702628503 1188 121 88
1702888995 1189 121 88
1703041445 1190 121 88
1703149473 1191 121 88
1703471815 1192 121 88
1703491069 1193 121 88
1703664096 1194 121 88
1704161573 1195 121 88
1704418385 1196 121 88
1704436816 1197 121 88
1704706147 1198 121 88
1704771169 1199 121 88
1704788172 1200 121 88
1704790652 1201 121 88
1704853366 1202 121 88
1704854380 1203 121 88
1704866462 1204 121 88
1704945300 1205 121 88
1704960704 1206 121 88
1705373766 1207 121 88
1705373786 1208 121 88
1705550100 1209 121 88
1705893220 1210 121 88
1706152050 1211 121 88
1706164157 1212 121 88
1706837053 1213 121 88
1706837314 1214 121 88
1706862402 1215 121 88
1706863406 1216 121 88
1707099829 1217 121 88
1708507027 1218 121 88
1708677893 1219 121 88
1708678532 1220 121 88
1709177853 1221 121 88
1709604222 1222 121 88
1709604351 1223 121 88
1710235806 1224 121 88
1710473740 1225 121 88
1710922390 1226 121 88
1712818516 1227 121 88
1712907854 1228 121 88
1713258412 1229 121 88
1713322235 1230 121 88
1713324861 1231 121 88
1713332476 1232 121 88
1713346901 1233 121 88
1713404332 1234 121 88
1713775775 1235 121 88
1713844831 1236 121 88
1713845352 1237 121 88
1713851471 1238 121 88
1713852689 1239 121 88
1713856263 1240 121 88
1714015252 1241 121 88
1714272786 1242 121 88
1714292190 1243 121 88
1715049366 1244 121 88
1715153966 1245 121 88
1715154070 1246 121 88
1715159824 1247 121 88
1715673722 1248 121 88
1715742409 1249 121 88
1715742807 1250 121 88
1718180810 1251 121 88
