1593491190 3446
1593568450 3395
1596105886 3429
1596105910 4432
1596105931 4483
1596437520 4468
1597026165 4468
1597026405 4468
1597652885 5528
1597652895 5733
1597659546 5733
1597660606 5839
1597669994 5859
1597825377 5884
1597825420 6013
1597825443 6010
1597831674 6130
1597892629 6146
1597892635 6396
1597908407 6398
1597911331 6398
1597923029 6398
1597977701 6439
1597977768 6439
1598163425 6429
1598170228 6520
1598321509 10263
1598321665 10238
1598327138 10386
1598338515 10398
1598345697 10438
1598345724 10465
1598346225 10586
1598350052 10593
1598350058 10601
1598352004 10603
1598352010 10538
1598352558 10539
1598352565 10753
1598352778 10755
1598352882 10756
1598355353 11228
1598355604 11230
1598355781 11233
1598355803 11248
1598356209 11247
1598448472 11507
1598495172 11518
1598495189 11556
1598496838 11501
1598513226 11546
1598515890 11546
1598527047 11662
1598926455 11452
1598926616 11497
1599041291 11499
1599042354 11491
1599043124 11491
1599047507 11492
1599047876 11492
1599048761 11492
1599101318 11569
1599107438 11486
1599107448 11599
1599107498 11599
1599107592 11571
1599107836 11574
1599108250 11590
1599108836 11594
1599113110 11615
1599115755 11647
1599116845 11646
1599121732 11652
1599122650 11605
1599122996 11606
1599123435 11609
1599124207 11492
1599125775 11492
1599127082 11493
1599187130 11488
1599206547 11487
1599206562 11555
1599207247 11555
1599453110 11326
1599453249 11659
1599468902 11667
1599470450 11658
1599470696 11689
1599474623 11939
1599565169 12891
1599565355 12896
1599634522 13005
1599727954 13061
1599728570 13061
1599737160 13087
1599791212 13239
1599798753 13816
1599811026 13867
1599811101 13891
1599813364 13895
1599813371 13827
1599813562 13819
1599819851 9470
1600066202 9470
1600066212 9528
1600067353 9543
1600067647 9543
1600068106 9551
1600070474 9579
1600070792 9566
1600072099 9571
1600072609 9567
1600073088 9569
1600162512 9570
1600162626 9374
1600162940 9375
1600224266 9349
1600224341 9343
1600226258 9707
1600229792 9451
1600229863 9445
1600230035 9445
1600253000 9707
1600254261 9705
1600316546 9704
1600399196 9704
1600399205 9782
1600425769 9782
1600679288 9786
1600679901 9783
1600739127 9843
1600739137 9850
1600740108 9870
1600745314 9865
1600760203 9857
1600764317 9851
1600764565 9864
1600768645 9866
1600768908 9865
1600826238 9865
1600828182 9904
1600835271 9902
1600843077 9937
1600852098 9993
1600855108 10002
1600855120 10001
1600943154 10780
1601002710 10787
1601003642 10787
1601005117 10795
1601006404 10795
1601024614 10861
1601024777 10861
1601033284 10864
1601034747 10863
1601039571 10865
1601040864 10856
1601176509 10881
1601194357 10880
1601194382 10891
1601194394 13352
1601200080 13349
1601286847 13719
1601286866 13720
1601288872 13720
1601440650 13720
1602208734 13720
1602234273 13720
1602234783 13720
1602483673 13833
1602490726 13826
1602558347 13838
1602562376 13841
1602579378 14515
1602642283 14514
1602648786 14637
1602649897 14638
1602656599 14638
1602664330 14677
1602671368 14677
1602753779 14714
1602753787 14762
1602756245 14775
1602757174 14784
1603251000 14786
1603251016 15104
1603679235 15098
1603679246 15305
1603698072 15305
1603766027 15305
1603766079 15305
1603766877 15305
1603867699 15306
1603875843 15355
1603876939 15348
1603879277 15349
1603879768 15530
1603882544 15531
1603888896 15534
1604024676 15533
1604283672 15766
1604317003 15838
1604322172 15793
1604372055 15809
1604374114 15810
1604377494 15810
1604400719 15810
1604407379 15966
1604480750 16056
1604559624 16056
1604649187 16110
1604653610 16112
1604657409 16113
1604657729 16114
1604889367 16114
1604889456 16114
1604891292 16114
1604902854 16114
1604989696 16117
1604996949 16117
1604997406 16117
1604999606 16123
1605000756 16127
1605000846 16128
1605002567 16127
1605003597 16134
1605083919 16355
1605088594 16350
1605096032 16634
1605493782 16635
1605497188 16637
1605498009 16967
1605579327 14566
1605593951 14566
1605602226 14573
1605670051 14573
1605685072 14603
1605685391 14601
1605692976 14605
1605693092 14608
1606060343 14592
1606098301 14588
1606100569 14593
1606122165 14575
1606125826 14578
1606199135 14578
1606208212 14577
1606285113 14582
1606294796 14582
1606363490 14583
1606442588 14591
1606473503 14610
1606720197 14657
1606805527 14657
1606805803 14654
1606807399 14657
1606905371 14903
1606905694 14910
1606905881 14910
1606960970 14910
1606961318 14908
1606963020 14910
1606966041 14914
1606998101 14987
1607051147 15028
1607055192 15029
1607055584 15029
1607055688 15029
1607055834 15029
1607064677 14993
1607064690 15059
1607072938 15059
1607072944 15059
1607079070 15059
1607080093 15059
1607308776 15059
1607308787 15063
1607312357 14952
1607339169 15064
1607339402 15065
1607392614 15067
1607417117 15070
1607423067 15066
1607425218 15067
1607583324 14941
1607583467 15063
1607585636 15063
1607656483 15064
1607658191 15080
1607661234 15095
1607670007 15124
1607672782 15131
1607673180 15131
1607935467 15149
1607936479 15200
1608284277 15201
1608889648 15205
1608891485 15205
1608891664 15205
1608892224 15205
1608892289 15205
1609121495 15205
1609208162 15211
1609295595 15211
1609317312 15215
1609395745 15219
1609402240 15233
1609816366 15240
1609988501 14083
1609989347 14093
1609992364 14152
1609993552 14152
1610000469 14202
1610004860 14202
1610005786 14222
1610006690 14222
1610011035 14236
1610011942 14245
1610016182 14849
1610030075 14874
1610073146 14868
1610077721 14877
1610418285 15057
1610420271 14977
1610421689 14977
1610443206 14999
1611042300 15400
1611042386 15499
1611042798 15501
1611043009 15501
1611046586 15511
1611046636 15503
1611047778 15506
1611048448 15510
1611048570 15510
1611049830 15550
1611050972 15542
1611051745 15542
1611051944 15557
1611052303 15563
1611055645 15564
1611112444 15595
1611115247 15595
1611128580 15592
1611196613 15571
1611197110 15572
1611202320 15384
1611226381 15398
1611229056 15402
1611231247 15422
1611234030 15396
1611236117 15383
1611236136 15393
1611236474 15393
1611237028 15393
1611284696 15397
1611296576 15377
1611543423 15379
1611544784 15380
1611555312 15382
1611576469 15543
1611821739 15529
1611829981 15485
1611888415 15489
1611891599 15491
1611903222 15491
1612267768 15541
1612341016 15541
1613719341 15541
1613725184 15543
1613729292 15567
1613815515 15701
1613957272 15790
1614074880 15913
1614075469 15913
1614076309 15913
1614076676 15909
1614305349 15909
1614305588 15909
1614563671 15809
1614583002 15719
1614756344 15747
1614756373 15796
1614829110 15796
1614830146 15799
1614836670 15798
1615189906 15798
1615197577 15849
1615205168 15851
1615261184 15853
1615270765 15853
1615271305 15853
1615272028 15867
1615276640 15867
1615276772 15865
1615280817 15884
1615340498 15889
1615518041 15896
1615528784 15894
1615859770 16084
1615860107 16112
1615862718 16113
1615966174 16536
1615976879 16583
1615985148 16611
1616034922 16637
1616036104 16637
1616036228 16644
1616036370 16637
1616036433 16636
1616037616 16638
1616053116 17302
1616134768 17302
1616134808 17302
1616148099 17397
1616148362 17373
1616379592 17377
1616395736 17377
1616395857 17377
1616400185 17609
1616567867 17633
1616753279 17633
1616753483 17633
1617001269 17634
1617262818 17676
1617285358 17683
1617286184 17687
1617286505 17684
1617286876 17688
1617291771 17735
1617291851 17735
1617292136 17735
1617292841 17736
1617293159 17736
1617293678 17747
1617293854 17751
1617293986 17757
1617330012 17725
1617331563 17756
1617331852 17755
1617331914 17755
1617335081 17748
1617335930 17748
1617341625 17748
1617342140 17749
1617344177 17757
1617344400 17757
1617344773 17584
1617345613 17590
1617346246 17598
1617346368 17600
1617346503 17599
1617349791 17594
1617349800 17618
1617351313 17678
1617352007 17697
1617352016 17713
1617352233 17734
1617673304 17736
1617688500 17734
1617765317 17741
1617765359 17754
1617777269 17754
1617851941 17756
1618285040 18787
1618372256 18787
1618452415 18787
1618453978 18787
1618537029 18786
1618545581 19835
1618811628 19835
1618812754 19873
1618813083 19865
1618990040 19866
1619057599 19869
1619059847 19869
1619077442 19914
1619159435 19918
1619159597 19925
1619161763 19927
1619599223 19966
1619660867 20001
1619749692 20032
1620292964 20052
1620633307 20071
1620726006 20192
1620726342 20189
1620726674 20189
1620727892 20194
1620814425 20443
1620815227 20457
1620876443 20459
1620888383 20504
1620890588 20504
1620893203 20504
1620897396 20508
1620959199 20513
1620983863 20516
1621302913 20516
1621561922 20520
1621911531 20532
1621938541 21411
1621939159 21539
1621993543 21550
1622010270 21587
1622084922 21588
1622085635 21591
1622433260 21591
1622788232 21973
1623221573 22873
1623228274 22924
1623232387 22919
1623232642 22917
1623233342 22917
1623233455 22917
1623233694 22923
1623290863 23201
1623291198 23199
1623291485 23199
1623291751 23203
1623292331 23203
1623292711 23206
1623293975 23205
1623307677 23205
1623311450 23205
1623722516 23205
1623723528 23210
1623724067 23209
1623809780 23210
1623832094 23507
1623917009 23521
1623987495 23526
1623987560 23546
1623988642 23546
1624269402 24003
1624327052 24007
1624349708 24020
1624413268 24023
1624526480 24025
1624612614 24025
1624621485 24291
1624701717 24291
1624769184 24291
1625018088 24307
1625109524 24309
1625109670 24315
1625196861 24345
1625214482 25259
1625456050 25276
1625476241 25376
1625476437 25379
1625476582 25381
1625476729 25381
1625539367 25604
1625540630 25629
1625541054 25629
1625541351 25629
1626075243 25659
1626357114 25773
1626403079 25833
1626407242 25892
1626416470 25908
1626425594 25910
1626659344 25946
1626661939 25935
1626662017 25938
1626662728 25938
1626674056 25941
1626850841 25630
1626850895 25638
1627294480 26290
1627352155 26335
1627352582 26335
1627365808 26336
1627365910 26336
1627366646 26336
1627373068 26361
1627458128 26361
1627458771 26364
1627528299 26378
1627528731 26378
1627529479 26386
1627530416 26387
1627955953 26410
1627956264 26413
1627970982 26420
1628056589 26421
1628128460 26422
1628131390 26485
1628214661 26487
1628219192 26487
1628242150 26696
1628243556 26685
1628475211 26757
1628734210 26766
1628735232 26770
1628737438 26772
1628837011 26781
1629024892 26920
1629101224 26921
1629186377 26927
1629340561 26928
1629366311 26929
1629423451 26929
1629446102 26933
1629446989 26939
1629450208 26976
1629701283 26978
1629796265 26978
1629888895 27157
1629964777 27162
1629964798 27168
1630058230 27168
1630374565 27176
1630399552 27210
1630478360 27238
1630549866 27308
1630550531 27309
1630554054 27308
1630562299 27329
1630562574 27329
1630648585 27329
1630656500 27330
1630892739 27330
1630915767 27332
1631091339 27352
1631175444 27366
1631177251 27366
1631263974 27371
1631527719 27373
1631613137 27568
1631701018 27568
1631702552 27575
1631928879 27622
1632402979 27905
1632798192 27920
1634021729 28082
1634022430 28089
1634289217 28094
1634639961 28136
1634640496 28136
1634800527 28167
1634888675 28172
1635153815 28178
1635306185 28206
1635413038 28206
1635413585 28208
1635489514 28204
1635492764 28204
1635735422 28202
1636956796 29240
1637224398 29792
1637638490 29908
1637742123 29908
1637890832 29912
1638179998 29975
1638256840 30012
1638352415 30009
1638355207 30011
1638774619 30011
1638777849 30012
1639019735 30108
1639557470 30137
1639625754 30137
1639638389 30169
1639641396 30169
1640054626 30198
1640054642 30377
1640167688 30377
1640168733 30378
1640250170 30502
1640593613 30494
1640671168 30494
1640855354 31812
1640855955 31812
1640942343 31810
1641282741 32203
1641284120 32211
1641355247 32258
1641372444 32265
1641391311 32264
1641435412 32263
1641536647 32359
1641540751 32363
1641541384 32365
1641800541 32366
1641873072 32372
1641873149 32387
1641881003 32395
1641958060 32395
1642043186 32389
1642045930 32390
1642063436 32391
1642067088 32393
1642141034 32394
1642484625 32422
1642573693 32615
1642736789 32610
1644199996 32616
1644200076 32683
1644200105 32688
1644286881 32694
1644371870 32695
1644372951 32974
1644387310 33036
1644567436 33591
1644568995 33592
1644569242 33593
1644569963 33645
1644570124 33645
1644653712 33597
1644659876 33787
1644661650 33799
1644662355 33800
1644666874 33803
1644723893 33812
1644729879 33818
1644733070 33825
1644734281 33828
1644739527 33858
1644739597 33858
1644740669 33863
1644741174 33862
1644817472 33862
1644904720 33862
1645013447 33861
1645082410 33863
1645148305 34050
1645148754 34050
1645173338 34102
1645177877 34098
1645428305 34384
1645434199 34395
1645435219 34395
1645436132 34397
1645436488 34397
1646027716 34464
1646039622 34464
1646205259 34474
1646205366 34765
1646289189 34765
1646633216 34916
1646643530 34943
1646789579 35114
1646805834 35114
1646891413 35180
1646962447 35187
1646964296 35188
1646990303 35213
1647245746 35232
1647250233 35388
1647332036 35408
1647333133 35408
1647333796 35408
1647334125 35412
1647418715 36218
1647419840 36227
1647419964 36227
1647482275 36227
1647502079 36378
1647566931 36657
1647571276 36673
1647574034 36681
1647591772 36729
1647594054 36732
1647596538 36736
1647828214 36741
1647828389 36741
1647849069 36781
1648088132 36811
1648102432 36817
1648193585 36860
1648548058 36863
1648632866 36859
1648894614 37008
1649208434 37040
1649208530 37044
1649226871 37034
1649380852 37248
1649383165 37249
1649405692 37250
1649407480 37250
1649659137 37255
1649735179 37342
1649748373 37345
1649748458 37345
1649748874 37347
1649756713 37359
1649758068 37345
1649818360 37351
1649822546 37616
1649899538 37643
1649901273 37647
1649908323 37665
1649921810 37666
1649992137 37663
1650267178 37665
1650268518 37698
1650443732 37698
1650444765 37707
1650617372 37713
1650958988 37766
1650959879 37766
1651223213 37766
1651736014 37777
1652068021 39108
1652086687 39131
1652172519 39131
1652253726 39149
1652695240 39149
1652695477 39156
1652749768 39158
1652767585 39067
1652840704 39077
1652852138 39079
1652944307 39081
1653361401 39081
1653379795 39102
1653633299 39098
1653893491 39094
1653894291 39095
1654075327 39099
1654133968 39099
1654138791 39102
1654583370 39101
1654667010 39101
1654669966 39116
1654677496 38518
1654743167 38534
1654745823 38536
1654746761 38537
1654840310 38536
1654853494 38536
1655178821 38668
1655190845 38665
1655191819 38669
1655194378 38667
1655359743 38667
1655359847 38633
1655709613 38637
1655880560 38638
1655881441 38638
1655892899 38647
1656482106 38775
1656484285 38775
1656489249 38779
1656491056 38788
1657006638 38790
1657013982 38794
1657014877 38794
1657161643 38806
1657265755 38810
1657503888 38810
1657514241 38813
1657527939 38811
1657595547 38825
1658132315 38874
1658990209 38877
1658993959 39247
1659338759 39255
1659339042 39251
1659429862 39288
1659595635 39290
1659596324 39296
1659597698 39296
1659599009 39302
1659679371 39302
1659686122 39302
1659696781 39302
1660096715 39302
1660189932 39314
1660630742 39400
1660706628 39408
1660875780 39433
1661133426 39435
1661502913 39450
1661506033 39454
1661928856 39454
1661997814 39454
1662456326 39516
1662706913 39516
1662707023 39516
1662707343 39516
1663137962 39521
1663748455 39544
1663748503 39546
1663900089 39542
1663925535 39571
1664173042 39575
1664259043 39575
1665198567 39575
1665295167 39610
1665302637 39610
1665303279 39611
1665372559 39616
1665372618 39614
1665557637 39616
1666079593 39616
1666163594 39630
1666174059 39674
1666236643 39693
1666253269 39696
1666256239 39697
1666258771 39697
1666260874 39701
1666691846 39701
1666697360 39690
1666697838 39706
1666697958 39706
1666858178 39812
1666858656 39824
1666872031 39824
1666925303 39830
1667358402 39833
1667441567 39836
1667531707 39836
1667803864 39848
1667871252 41376
1667888400 41375
1667890207 41377
1667892212 41382
1667980927 41382
1668050486 41426
1668062004 41430
1668156599 41429
1668414203 41497
1668414404 41499
1668484403 41503
1668489952 41503
1668581789 41487
1668734832 41487
1669882040 41602
1669882094 41569
1669882177 41573
1669882188 41591
1669967805 41676
1669968121 41675
1669968286 41675
1669969900 41686
1669972276 41685
1669972876 41740
1669974778 41740
1669975554 41738
1670206844 41773
1670221605 41773
1670295753 42269
1670306740 42270
1670314793 42280
1670551347 42280
1670644394 42280
1670901780 42285
1671074839 42289
1671586077 42559
1671586541 42563
1672127798 42563
1672299265 42563
1672901691 42593
1672904869 42635
1672972570 42644
1672987679 42694
1673345298 43914
1673353455 43922
1673355943 43922
1673359619 43925
1673526955 43925
1674982142 43927
1675240473 43934
1675652342 43943
1675674444 43944
1675738464 43952
1675823785 43956
1675824653 43946
1676023601 43948
1676368410 43949
1676370272 43958
1676370405 43958
1676371072 43968
1676442438 43968
1676531393 43968
1676616554 43969
1676965834 43981
1677491155 43981
1677575181 43982
1677822642 44581
1678073627 44648
1678085164 44649
1678157212 44684
1678158099 44696
1678247133 44726
1678766175 45598
1678773067 45598
1678773093 45598
1678783473 45667
1678785077 45667
1678785135 45667
1678785195 45667
1678851447 45705
1678860527 45714
1678860807 45714
1678876097 45835
1678934130 45842
1678939106 45857
1678945160 45859
1678946662 45862
1678947434 45864
1678948126 45864
1678948231 45864
1678948818 45866
1678960144 45867
1679020581 45939
1679021379 45939
1679022999 45939
1679276500 45954
1679277573 45957
1679283334 45960
1679283925 45960
1679298834 45960
1679366962 45970
1679369428 45971
1679561834 46037
1679561992 46037
1679564296 46036
1679883038 46036
1679904796 46046
1679907541 46117
1679910028 46118
1679910135 46118
1679984460 46129
1679986660 46130
1679989030 46136
1680081055 46235
1680232095 46242
1680254966 46288
1680504092 46304
1680508828 46303
1680587382 46305
1681176290 46305
1681176729 46298
1681177124 46300
1681177457 46320
1681197296 46317
1681198863 46353
1681200459 46356
1681206299 46356
1681289268 46362
1681293682 46366
1681353121 46374
1681354563 46375
1681377708 47447
1681386903 47450
1681387164 47449
1681387644 47448
1681439282 47450
1681439636 47451
1681701576 47450
1681702427 47450
1681711901 47469
1681712184 47472
1681712433 47475
1681725797 47479
1681884070 47494
1681887241 47539
1681892664 47558
1681892997 47789
1681893019 47810
1681893551 47810
1681894336 47789
1681895904 47790
1681957133 47857
1681957213 47858
1681957455 47859
1681957682 47857
1681957755 47857
1681961840 47968
1681962935 47972
1681970372 47972
1682041997 47983
1682060583 47983
1682215935 47995
1682229800 48001
1682243999 48007
1682304854 48048
1682304874 48048
1682315987 48049
1682331375 48051
1682408013 48051
1682495387 48051
1682559934 48051
1682561868 48054
1682562874 48045
1682564186 48044
1682648467 48036
1682661470 48036
1682662864 48036
1682663237 48036
1683337164 48036
1683351279 48036
1683698924 48053
1683873794 48063
1683880298 48060
1684302337 48061
1684308569 48067
1684459829 48068
1684464001 48073
1684724846 48073
1684807515 48074
1684808924 48088
1684809841 48101
1684980215 48103
1685069296 48109
1685328434 48094
1685590167 57242
1685673122 57242
1686014384 57250
1686107575 63243
1686541588 63420
1686541624 63386
1686541652 63749
1686550601 63764
1686550631 63741
1686552326 63742
1686552349 63811
1686554159 63877
1686554553 63879
1686554697 63879
1686554787 63881
1686554932 63897
1686554991 63897
1686555164 63897
1686555222 63896
1686555265 63895
1686556930 63902
1686557188 63906
1686558150 63906
1686560323 63906
1686563294 63907
1686619454 63913
1686619623 63915
1686624165 63899
1686624284 63899
1686624360 63900
1686624696 63900
1686626071 63900
1686636365 63902
1686636763 63903
1686638097 63933
1686640351 63954
1686645313 63957
1686645361 63997
1686645459 63997
1686647248 63998
1686648845 63999
1686649469 64002
1686710225 64002
1686724354 64002
1686810019 64034
1686812194 64033
1687252323 64033
1688025386 67609
1688107293 68342
1688440247 68342
1688630395 70084
1688635641 70098
1688636748 70099
1688638632 70088
1688638748 70090
1688698008 70454
1688699305 70456
1688699631 70456
1688699718 70457
1688700656 70688
1688701496 70702
1688722692 70792
1688723812 70820
1688724082 70825
1688973818 70794
1689054947 70795
1689060678 70893
1689216189 70889
1689216204 70893
1689578393 70897
1689645855 70881
1689648099 70869
1689649998 70909
1689735808 70946
1689923045 70948
1690186536 70974
1690251993 70976
1690252035 70976
1690339345 70977
1690339565 70977
1690342012 70949
1690450908 70949
1690451079 70949
1690522521 70962
1690523494 70968
1690525182 70968
1690527551 70963
1690527803 70963
1690535604 70961
1690769874 70961
1690784175 70957
1690791334 70957
1691032318 70999
1691045161 71004
1691133552 71050
1691634331 71050
1691634396 71050
1691637128 71150
1692165671 71150
1692356968 71151
1692608246 71175
1692769932 71175
1692860539 71260
1693190685 71259
1693191116 71260
1693218926 71260
1693378075 71283
1693386672 71536
1693386918 71588
1693387116 71589
1693387901 71593
1693387983 71595
1693540447 71596
1693552092 71604
1693552258 71612
1693552569 71612
1693563029 71648
1693563196 71642
1693563288 71643
1693799930 71651
1694414873 71660
1694415611 71660
1694501849 71660
1695796993 71717
1696819767 71718
1697422093 71718
1697511637 71722
1697513178 71726
1697523105 71741
1697525989 71741
1698637799 71741
1698732836 71741
1699343302 71740
1699412527 71766
1699426917 71778
1699436956 71844
1699585785 72457
1699586199 72457
1699870402 72529
1699946179 72530
1699946218 72530
1700018488 74188
1700041122 74181
1700102348 74204
1700104192 74215
1700104268 74217
1700203872 74217
1700538986 74240
1700549492 74243
1700791613 74101
1701223788 74111
1701225648 74111
1701242866 74107
1701312355 73938
1702019884 74001
1702359418 74029
1702541342 74493
1702604870 74495
1702628503 74689
1702888995 74693
1703041445 74693
1703149473 74704
1703471815 74723
1703491069 74759
1703664096 74761
1704161573 74762
1704418385 74763
1704436816 74763
1704706147 74755
1704771169 74757
1704788172 74757
1704790652 74771
1704853366 74771
1704854380 75429
1704866462 75428
1704945300 75446
1704960704 75447
1705373766 76013
1705373786 76006
1705550100 76016
1705893220 76016
1706152050 76148
1706164157 76148
1706837053 76149
1706837314 76148
1706862402 76148
1706863406 76150
1707099829 76164
1708507027 76177
1708677893 76308
1708678532 76316
1709177853 76316
1709604222 76317
1709604351 76318
1710235806 76318
1710473740 76320
1710922390 76339
1712818516 76340
1712907854 76501
1713258412 76514
1713322235 76516
1713324861 76668
1713332476 76679
1713346901 76702
1713404332 76702
1713775775 76702
1713844831 76706
1713845352 76735
1713851471 76700
1713852689 76749
1713856263 76633
1714015252 76783
1714272786 76801
1714292190 76802
1715049366 76801
1715153966 76704
1715154070 76698
1715159824 76699
1715673722 76749
1715742409 76752
1715742807 76752
1718180810 76760
