1593491190 0 3446 0
1593568450 0 3458 0
1593575363 0 3460 0
1593679597 0 3509 0
1593681426 0 3515 0
1593696753 0 3540 0
1596105886 67 3540 0
1596105910 1103 3540 0
1596105931 1103 3540 0
1596437520 1124 3540 0
1597026165 1124 3540 0
1597026405 1124 3540 1
1597393182 1536 3540 1
1597395176 1548 3540 1
1597395407 1549 3540 1
1597632294 1558 3540 1
1597652885 1558 3540 1064
1597652895 1558 3540 1064
1597659546 1558 3540 1066
1597660606 1831 3540 1066
1597669994 1946 3540 1066
1597804527 1946 3540 1333
1597804535 1946 3540 1333
1597825377 2081 3540 1333
1597825420 2259 3540 1333
1597825443 2259 3540 1333
1597831674 2259 3540 1649
1597890459 2658 3540 1649
1597892629 2658 3540 1672
1597892635 2658 3540 1672
1597908407 2658 3540 1677
1597911331 2658 3540 1678
1597923029 2658 3540 1687
1597977701 2658 3540 1728
1597977768 2658 3540 1730
1598163425 2816 3540 1730
1598170228 2816 3633 1730
1598175158 2860 3633 1730
1598175178 2860 3633 1730
1598266519 2860 3697 1730
1598266591 2860 3698 1730
1598266662 2875 3698 1730
1598266744 2875 3698 1730
1598270884 2875 3805 1730
1598270894 2875 3805 1730
1598321509 2875 3805 6195
1598321665 2875 3805 6195
1598327138 2875 3805 6361
1598338515 2875 3805 6374
1598340782 2875 3805 6418
1598345697 3197 3805 6418
1598345724 3197 3805 6418
1598346225 3197 3805 6659
1598347255 3198 3805 6659
1598347264 3198 3805 6659
1598349829 3198 3814 6659
1598350052 3198 3814 6668
1598350058 3198 3814 6668
1598351949 3198 3844 6668
1598351967 3198 3844 6668
1598351973 3198 3844 6668
1598352004 3198 3844 6671
1598352010 3198 3844 6671
1598352377 3440 3844 6671
1598352558 3440 3844 6674
1598352565 3440 3844 6674
1598352778 3440 3844 6678
1598352882 3440 3844 6680
1598355353 3440 3844 7153
1598355604 3440 3844 7159
1598355638 3456 3844 7159
1598355781 3456 3844 7163
1598355803 3456 3844 7163
1598356209 3456 3844 7166
1598448472 3905 3844 7166
1598495172 3905 3860 7166
1598495189 3905 3898 7166
1598496838 3905 3990 7166
1598513226 3905 4196 7166
1598515890 3905 4198 7166
1598527047 4216 4198 7166
1598926455 4216 4198 7397
1598926616 4297 4198 7397
1599041291 4299 4198 7397
1599042354 4335 4198 7397
1599043124 4338 4198 7397
1599047507 4344 4198 7397
1599047876 4346 4198 7397
1599048761 4347 4198 7397
1599101318 4461 4198 7397
1599106705 4580 4198 7397
1599107326 4581 4198 7397
1599107438 4581 5043 7397
1599107448 4581 5043 7397
1599107498 4581 5044 7397
1599107592 4581 5045 7397
1599107836 4586 5045 7397
1599108250 4605 5045 7397
1599108836 4609 5045 7397
1599113110 4633 5045 7397
1599115755 4667 5045 7397
1599116845 4671 5045 7397
1599121732 4671 5045 7432
1599122650 4724 5045 7432
1599122996 4725 5045 7432
1599123435 4729 5045 7432
1599124207 4731 5045 7432
1599125775 4736 5045 7432
1599127082 4737 5045 7432
1599187130 4741 5045 7432
1599204754 4741 5045 7500
1599206547 4741 5045 7500
1599206562 4741 5045 7500
1599207247 4741 5045 7502
1599453110 5227 5045 7502
1599453249 5562 5045 7502
1599468902 5574 5045 7502
1599470450 5574 5045 7502
1599470696 5658 5045 7502
1599474623 6030 5045 7502
1599565169 6987 5045 7502
1599565355 6995 5045 7502
1599634522 7119 5045 7502
1599727954 7176 5045 7502
1599728570 7308 5045 7502
1599737160 7349 5045 7502
1599791212 7523 5045 7502
1599798753 7523 5624 7502
1599810974 7710 5624 7502
1599811026 7710 5685 7502
1599811101 7710 5685 7502
1599813300 7710 5721 7502
1599813364 7710 5721 7523
1599813371 7710 5721 7523
1599813562 7710 5721 7523
1599819851 7710 5721 7675
1599821611 7740 5721 7675
1599821643 7740 5721 7675
1599821810 7740 5726 7675
1599821822 7740 5726 7675
1600052515 7830 5726 7675
1600052851 7833 5726 7675
1600055487 7840 5726 7675
1600066202 7840 5726 7681
1600066212 7840 5726 7681
1600067353 7840 5726 7698
1600067647 7840 5726 7699
1600068106 7840 5726 7707
1600070474 7840 5785 7707
1600070792 7840 5785 7707
1600072099 7840 5814 7707
1600072609 7840 5816 7707
1600073088 7840 5816 7711
1600080430 8141 5816 7711
1600081045 8245 5816 7711
1600133945 8248 5816 7711
1600134814 8357 5816 7711
1600136634 8357 5816 7711
1600154109 8357 5816 7711
1600154119 8357 5816 7711
1600158143 8408 5816 7711
1600158184 8408 5816 7711
1600162512 8408 5816 7714
1600162626 8408 5816 7714
1600162940 8408 5816 7717
1600166562 8408 6347 7717
1600166736 8408 6347 7717
1600168563 8408 6356 7717
1600169826 8408 6369 7717
1600170209 8408 6372 7717
1600174895 8408 6378 7717
1600224266 8662 6378 7717
1600224341 8686 6378 7717
1600226258 8686 6378 7717
1600229792 8716 6378 7717
1600229863 8730 6378 7717
1600230035 8736 6378 7717
1600253000 9208 6378 7717
1600254261 9214 6378 7717
1600316546 9220 6378 7717
1600329983 9220 6472 7717
1600399196 9226 6472 7717
1600399205 9226 6472 7717
1600425769 9227 6472 7717
1600679288 9239 6472 7717
1600679901 9239 6472 7717
1600679905 9241 6472 7717
1600679927 9241 6472 7717
1600681488 9249 6472 7717
1600739127 9249 6472 7813
1600739137 9249 6472 7813
1600740108 9249 6472 7833
1600745314 9265 6472 7833
1600760203 9271 6472 7833
1600764317 9484 6472 7833
1600764565 9502 6472 7833
1600768645 9508 6472 7833
1600768908 9508 6472 7833
1600826238 9509 6472 7833
1600828182 9578 6472 7833
1600835271 9583 6472 7833
1600843077 9712 6472 7833
1600852098 9712 6472 7924
1600852330 9712 6472 7925
1600855108 9732 6472 7925
1600855120 9732 6472 7925
1600943154 10583 6472 7925
1601002710 10676 6472 7925
1601003642 10679 6472 7925
1601005117 10692 6472 7925
1601006404 10693 6472 7925
1601024614 10787 6472 7925
1601024777 10788 6472 7925
1601033284 10797 6472 7925
1601034747 10797 6472 7925
1601039571 10797 6492 7925
1601040864 10797 6496 7925
1601176509 11063 6496 7925
1601179964 11063 6496 8010
1601180471 11063 6496 8013
1601180591 11063 6496 8015
1601194357 11242 6496 8015
1601194382 11242 6496 8015
1601194394 13703 6496 8015
1601200080 13706 6496 8015
1601266760 13706 6496 8022
1601266769 13706 6496 8022
1601267122 13706 6496 8024
1601286847 14182 6496 8024
1601286866 14182 6496 8024
1601288872 14193 6496 8024
1601440650 14193 6496 8025
1602208734 14198 6496 8025
1602234273 14243 6496 8025
1602234783 14247 6496 8025
1602483673 14377 6496 8025
1602490726 14420 6496 8025
1602558347 14432 6496 8025
1602562376 14447 6496 8025
1602579378 15121 6496 8025
1602642283 15121 6496 8025
1602648786 15251 6496 8025
1602649897 15262 6496 8025
1602656599 15294 6496 8025
1602664330 15343 6496 8025
1602671368 15344 6496 8025
1602746434 15394 6496 8025
1602748474 15394 6496 8025
1602753779 15394 6496 8064
1602753787 15394 6496 8064
1602756245 15394 6496 8092
1602757174 15394 6496 8103
1602829585 15536 6496 8103
1602830473 15538 6496 8103
1602835262 15539 6496 8103
1602838107 15694 6496 8103
1603098820 15791 6496 8103
1603100729 15819 6496 8103
1603102473 15823 6496 8103
1603102740 15826 6496 8103
1603103122 15827 6496 8103
1603103300 15829 6496 8103
1603251000 15829 6496 8107
1603251016 15829 6496 8107
1603264585 15986 6496 8107
1603332084 16024 6496 8107
1603360125 16307 6496 8107
1603435654 16332 6496 8107
1603679235 16332 6496 8115
1603679246 16332 6496 8115
1603698072 16332 6496 8115
1603766027 16332 6496 8115
1603766079 16333 6496 8115
1603766877 16333 6496 8115
1603867699 16377 6496 8115
1603875843 16474 6496 8115
1603876939 16484 6496 8115
1603879277 16486 6496 8115
1603879768 16912 6496 8115
1603882544 16918 6496 8115
1603888896 16918 6510 8115
1604024676 16918 6510 8116
1604283672 17847 6510 8116
1604317003 18554 6510 8116
1604322172 18579 6510 8116
1604372055 18598 6510 8116
1604374114 18599 6510 8116
1604377494 18601 6510 8116
1604400719 18603 6510 8116
1604407379 18791 6510 8116
1604480750 18941 6510 8116
1604559624 18942 6510 8116
1604649187 19168 6510 8116
1604653610 19170 6510 8116
1604657409 19179 6510 8116
1604657729 19180 6510 8116
1604889367 19183 6510 8116
1604889456 19186 6510 8116
1604891292 19188 6510 8116
1604902854 19188 6510 8116
1604989696 19203 6510 8116
1604996949 19219 6510 8116
1604997406 19221 6510 8116
1604999606 19245 6510 8116
1605000756 19253 6510 8116
1605000846 19259 6510 8116
1605002567 19268 6510 8116
1605003597 19363 6510 8116
1605083919 19623 6510 8116
1605088594 19643 6510 8116
1605096032 20101 6510 8116
1605493782 20104 6510 8116
1605497188 20110 6510 8116
1605498009 20440 6510 8116
1605579327 20560 6510 8116
1605593951 20569 6510 8116
1605602226 20577 6510 8116
1605670051 20577 6511 8116
1605685072 20577 6610 8116
1605685391 20577 6610 8116
1605692976 20577 6625 8116
1605693092 20577 6629 8116
1606060343 20659 6629 8116
1606098301 20665 6629 8116
1606100569 20673 6629 8116
1606122165 20681 6629 8116
1606125826 20695 6629 8116
1606199135 20697 6629 8116
1606208212 20701 6629 8116
1606285113 20708 6629 8116
1606294796 20710 6629 8116
1606363490 20712 6629 8116
1606442588 20722 6629 8116
1606473503 20744 6629 8116
1606720197 20805 6629 8116
1606805527 20809 6629 8116
1606805803 20810 6629 8116
1606807399 20810 6644 8116
1606820263 20810 6711 8116
1606892145 20810 6745 8116
1606892686 20810 6757 8116
1606905371 20810 6757 8482
1606905694 20810 6757 8482
1606905881 20810 6757 8484
1606960970 20810 6757 8492
1606961318 20810 6757 8498
1606963020 20810 6757 8500
1606966041 20810 6757 8505
1606998101 20885 6757 8505
1607051147 20963 6757 8505
1607055192 20963 6773 8505
1607055584 20963 6775 8505
1607055688 20963 6777 8505
1607055834 20963 6779 8505
1607063618 21104 6779 8505
1607064677 21104 6976 8505
1607064690 21104 6976 8505
1607071938 21104 6977 8505
1607072938 21105 6977 8505
1607072944 21105 6977 8505
1607079070 21110 6977 8505
1607080093 21112 6977 8505
1607308136 21112 6993 8505
1607308776 21112 6993 8505
1607308787 21112 6993 8505
1607312357 21458 6993 8505
1607339169 21572 6993 8505
1607339402 21577 6993 8505
1607392614 21581 6993 8505
1607417117 21584 6993 8505
1607423067 21586 6993 8505
1607425218 21587 6993 8505
1607514351 21587 7118 8505
1607514362 21587 7118 8505
1607583324 21681 7118 8505
1607583467 21681 7118 8505
1607585636 21739 7118 8505
1607656483 21742 7118 8505
1607658191 21764 7118 8505
1607661234 21764 7135 8505
1607670007 21796 7135 8505
1607672782 21807 7135 8505
1607673180 21808 7135 8505
1607935467 21828 7135 8505
1607936479 21880 7135 8505
1608284277 21883 7135 8505
1608889648 21916 7135 8505
1608891485 21918 7135 8505
1608891664 21919 7135 8505
1608892224 21920 7135 8505
1608892289 21921 7135 8505
1609121495 21923 7135 8505
1609208162 21933 7135 8505
1609295595 21940 7135 8505
1609317312 21947 7135 8505
1609395745 21961 7135 8505
1609402240 21981 7135 8505
1609816366 21990 7135 8505
1609988501 21990 7135 8505
1609989347 22009 7135 8505
1609992364 22072 7135 8505
1609993552 22073 7135 8505
1610000469 22129 7135 8505
1610004860 22130 7135 8505
1610005786 22152 7135 8505
1610006690 22158 7135 8505
1610011035 22192 7135 8505
1610011942 22205 7135 8505
1610016182 22816 7135 8505
1610030075 22816 7333 8505
1610073146 22816 7371 8505
1610077721 22915 7371 8505
1610418285 23149 7371 8505
1610420271 23154 7371 8505
1610421689 23155 7371 8505
1610443206 23312 7371 8505
1610446062 23312 7371 8641
1610447244 23312 7371 8656
1610447426 23312 7371 8662
1610447979 23312 7371 8663
1610448188 23312 7371 8665
1610448939 23312 7371 8679
1611042300 23896 7371 8679
1611042386 23896 7371 8679
1611042798 23900 7371 8679
1611043009 23901 7371 8679
1611046586 23920 7371 8679
1611046636 23923 7371 8679
1611047778 23926 7371 8679
1611048448 23946 7371 8679
1611048570 23947 7371 8679
1611049830 23987 7371 8679
1611050972 24028 7371 8679
1611051745 24029 7371 8679
1611051944 24046 7371 8679
1611052303 24064 7371 8679
1611055645 24069 7371 8679
1611112444 24126 7371 8679
1611115247 24127 7371 8679
1611128580 24136 7371 8679
1611196613 24166 7371 8679
1611197110 24168 7371 8679
1611202320 24670 7371 8679
1611226381 24686 7371 8679
1611229056 24696 7371 8679
1611231247 24752 7371 8679
1611234030 24785 7371 8679
1611234706 24785 7371 8702
1611234715 24785 7371 8702
1611236117 24791 7371 8702
1611236136 24791 7371 8702
1611236474 24792 7371 8702
1611237028 24795 7371 8702
1611284696 24937 7371 8702
1611296576 25049 7371 8702
1611543423 25052 7371 8702
1611544784 25055 7371 8702
1611555312 25058 7371 8702
1611576469 25240 7371 8702
1611821739 25258 7371 8702
1611829981 25314 7371 8702
1611888415 25321 7371 8702
1611891599 25327 7371 8702
1611903222 25330 7371 8702
1612267768 25407 7371 8702
1612341016 25408 7371 8702
1613719341 25410 7371 8702
1613725184 25412 7371 8702
1613729292 25442 7371 8702
1613815515 25607 7371 8702
1613957272 25704 7371 8702
1614074880 25844 7371 8702
1614075469 25845 7371 8702
1614076309 25847 7371 8702
1614076676 25859 7371 8702
1614305349 25860 7371 8702
1614305588 25861 7371 8702
1614563671 25881 7371 8702
1614583002 25895 7371 8702
1614756344 25932 7371 8702
1614756373 26257 7371 8702
1614829110 26259 7371 8702
1614830146 26262 7371 8702
1614836670 26287 7371 8702
1615189906 26290 7371 8702
1615197577 26364 7371 8702
1615205168 26369 7371 8702
1615261184 26371 7371 8702
1615270765 26373 7371 8702
1615271305 26375 7371 8702
1615272028 26395 7371 8702
1615276640 26399 7371 8702
1615276772 26399 7371 8702
1615280817 26427 7371 8702
1615340498 26434 7371 8702
1615518041 26450 7371 8702
1615528784 26450 7371 8702
1615774675 26485 7371 8702
1615777128 26522 7371 8702
1615859770 26522 9249 8702
1615860107 26522 9249 8702
1615862718 26522 9273 8702
1615966174 26522 10017 8702
1615976879 26522 10184 8702
1615985148 26522 10290 8702
1616034922 26575 10290 8702
1616036104 26576 10290 8702
1616036228 26584 10290 8702
1616036370 26585 10290 8702
1616036433 26585 10290 8702
1616037616 26591 10290 8702
1616053116 27283 10290 8702
1616077306 27283 10291 8702
1616077896 27283 10292 8702
1616078436 27283 10293 8702
1616134768 27285 10293 8702
1616134808 27285 10293 8702
1616148099 27417 10293 8702
1616148362 27441 10293 8702
1616379592 27448 10293 8702
1616395736 27450 10293 8702
1616395857 27451 10293 8702
1616400185 27683 10293 8702
1616567867 27721 10293 8702
1616753279 27725 10293 8702
1616753483 27726 10293 8702
1617001269 27727 10293 8702
1617262818 27790 10293 8702
1617285358 27790 10329 8702
1617286184 27790 10371 8702
1617286505 27790 10381 8702
1617286876 27790 10385 8702
1617291771 27790 10533 8702
1617291851 27790 10535 8702
1617292136 27790 10537 8702
1617292841 27790 10565 8702
1617293159 27790 10567 8702
1617293678 27790 10596 8702
1617293854 27790 10600 8702
1617293986 27790 10608 8702
1617330012 27790 10961 8702
1617331563 27790 10997 8702
1617331852 27790 11014 8702
1617331914 27790 11015 8702
1617335081 27790 11016 8702
1617335930 27790 11017 8702
1617341625 27790 11019 8702
1617342140 27790 11053 8702
1617344177 27790 11107 8702
1617344400 27790 11109 8702
1617344773 27790 11113 8702
1617345613 27790 11121 8702
1617346246 27790 11133 8702
1617346368 27790 11135 8702
1617346503 27790 11137 8702
1617348797 27809 11137 8702
1617349266 27820 11137 8702
1617349791 27820 11160 8702
1617349800 27820 11160 8702
1617351313 27820 11243 8702
1617351954 27854 11243 8702
1617351971 27854 11243 8702
1617352007 27854 11278 8702
1617352016 27854 11278 8702
1617352233 27854 11301 8702
1617673304 27856 11301 8702
1617688500 27858 11301 8702
1617688758 27858 11399 8702
1617688769 27858 11399 8702
1617689804 27858 11427 8702
1617691225 27858 11432 8702
1617765317 27870 11432 8702
1617765359 27870 11432 8702
1617777269 27871 11432 8702
1617851941 27873 11432 8702
1618285040 28906 11432 8702
1618372256 28907 11432 8702
1618452415 28908 11432 8702
1618453978 28909 11432 8702
1618537029 28910 11432 8702
1618545581 29959 11432 8702
1618811628 29960 11432 8702
1618812754 30001 11432 8702
1618813083 30011 11432 8702
1618990040 30012 11432 8702
1619057599 30016 11432 8702
1619059847 30017 11432 8702
1619077442 30076 11432 8702
1619159435 30080 11432 8702
1619159597 30094 11432 8702
1619161763 30096 11432 8702
1619599223 30142 11432 8702
1619660867 30226 11432 8702
1619749692 30323 11432 8702
1620292964 30356 11432 8702
1620633307 30411 11432 8702
1620726006 30560 11432 8702
1620726342 30560 11432 8702
1620726674 30566 11432 8702
1620727892 30572 11432 8702
1620814425 30857 11432 8702
1620815227 30883 11432 8702
1620876443 30901 11432 8702
1620888383 31445 11432 8702
1620890588 31447 11432 8702
1620893203 31505 11432 8702
1620897396 31510 11432 8702
1620959199 31530 11432 8702
1620983863 31535 11432 8702
1621302913 31536 11432 8702
1621561922 31540 11432 8702
1621911531 31557 11432 8702
1621938541 32484 11432 8702
1621939159 32612 11432 8702
1621993543 32631 11432 8702
1622010270 32690 11432 8702
1622084922 32692 11432 8702
1622085635 32697 11432 8702
1622433260 32697 11432 8702
1622788232 33393 11432 8702
1623221573 34360 11432 8702
1623228274 34423 11432 8702
1623232387 34514 11432 8702
1623232642 34514 11432 8702
1623233342 34515 11432 8702
1623233455 34517 11432 8702
1623233694 34523 11432 8702
1623290863 34839 11432 8702
1623291198 34841 11432 8702
1623291485 34843 11432 8702
1623291751 34849 11432 8702
1623292331 34853 11432 8702
1623292711 34858 11432 8702
1623293975 34866 11432 8702
1623307677 34867 11432 8702
1623311450 34869 11432 8702
1623722516 34870 11432 8702
1623723528 34882 11432 8702
1623724067 34882 11432 8702
1623809780 34887 11432 8702
1623832094 35518 11432 8702
1623917009 35532 11432 8702
1623987495 35571 11432 8702
1623987560 35591 11432 8702
1623988642 35593 11432 8702
1624269402 36133 11432 8702
1624327052 36155 11432 8702
1624349708 36171 11432 8702
1624413268 36179 11432 8702
1624526480 36185 11432 8702
1624612614 36195 11432 8702
1624621485 36463 11432 8702
1624701717 36465 11432 8702
1624769184 36466 11432 8702
1625018088 36487 11432 8702
1625109524 36489 11432 8702
1625109670 36495 11432 8702
1625196861 36528 11432 8702
1625214482 37446 11432 8702
1625456050 37498 11432 8702
1625476241 37628 11432 8702
1625476437 37631 11432 8702
1625476582 37633 11432 8702
1625476729 37641 11432 8702
1625539367 37889 11432 8702
1625540630 37915 11432 8702
1625541054 37916 11432 8702
1625541351 37918 11432 8702
1626075243 37954 11432 8702
1626357114 38149 11432 8702
1626403079 38210 11432 8702
1626407242 38341 11432 8702
1626416470 38357 11432 8702
1626425594 38369 11432 8702
1626659344 38417 11432 8702
1626661939 38441 11432 8702
1626662017 38445 11432 8702
1626662728 38447 11432 8702
1626674056 38454 11432 8702
1626850841 38458 11432 8702
1626850895 38466 11432 8702
1627294480 39267 11432 8702
1627352155 39312 11432 8702
1627352582 39314 11432 8702
1627365808 39315 11432 8702
1627365910 39316 11432 8702
1627366646 39317 11432 8702
1627373068 39370 11432 8702
1627458128 39371 11432 8702
1627458771 39374 11432 8702
1627528299 39396 11432 8702
1627528731 39397 11432 8702
1627529479 39406 11432 8702
1627530416 39407 11432 8702
1627955953 39431 11432 8702
1627956264 39434 11432 8702
1627970982 39441 11432 8702
1628056589 39451 11432 8702
1628128460 39453 11432 8702
1628131390 39536 11432 8702
1628214661 39538 11432 8702
1628219192 39539 11432 8702
1628242150 39825 11432 8702
1628243556 39830 11432 8702
1628475211 39906 11432 8702
1628734210 39906 11442 8702
1628735232 39906 11446 8702
1628737438 39915 11446 8702
1628837011 39924 11446 8702
1629024892 40069 11446 8702
1629101224 40070 11446 8702
1629186377 40079 11446 8702
1629340561 40082 11446 8702
1629366311 40087 11446 8702
1629423451 40089 11446 8702
1629446102 40103 11446 8702
1629446989 40160 11446 8702
1629450208 40200 11446 8702
1629701283 40203 11446 8702
1629796265 40205 11446 8702
1629888895 40459 11446 8702
1629964777 40470 11446 8702
1629964798 40480 11446 8702
1630058230 40481 11446 8702
1630374565 40490 11446 8702
1630399552 40548 11446 8702
1630478360 40593 11446 8702
1630549866 40697 11446 8702
1630550531 40699 11446 8702
1630554054 40700 11446 8702
1630562299 40722 11446 8702
1630562574 40723 11446 8702
1630648585 40725 11446 8702
1630656500 40735 11446 8702
1630892739 40736 11446 8702
1630915767 40739 11446 8702
1631091339 40765 11446 8702
1631175444 40790 11446 8702
1631177251 40791 11446 8702
1631263974 40800 11446 8702
1631527719 40803 11446 8702
1631613137 41027 11446 8702
1631701018 41028 11446 8702
1631702552 41045 11446 8702
1631928879 41496 11446 8702
1632402979 42064 11446 8702
1632798192 42085 11446 8702
1634021729 42304 11446 8702
1634022430 42311 11446 8702
1634289217 42317 11446 8702
1634639961 42404 11446 8702
1634640496 42409 11446 8702
1634800527 42592 11446 8702
1634888675 42599 11446 8702
1635153815 42610 11446 8702
1635306185 42642 11446 8702
1635413038 42643 11446 8702
1635413585 42648 11446 8702
1635489514 42692 11446 8702
1635492764 42693 11446 8702
1635735422 42693 11446 8702
1636956796 43733 11446 8702
1637224398 44600 11446 8702
1637638490 44717 11446 8702
1637742123 44717 11446 8702
1637890832 44721 11446 8702
1638179998 44801 11446 8702
1638256840 44866 11446 8702
1638352415 44868 11446 8702
1638355207 44880 11446 8702
1638774619 44885 11446 8702
1638777849 44894 11446 8702
1639019735 45002 11446 8702
1639557470 45080 11446 8702
1639625754 45081 11446 8702
1639638389 45138 11446 8702
1639641396 45139 11446 8702
1640054626 45170 11446 8702
1640054642 45442 11446 8702
1640167688 45445 11446 8702
1640168733 45446 11446 8702
1640250170 45658 11446 8702
1640593613 45673 11446 8702
1640671168 45723 11446 8702
1640855354 47050 11446 8702
1640855955 47051 11446 8702
1640942343 47051 11446 8702
1641282741 47829 11446 8702
1641284120 47841 11446 8702
1641355247 47908 11446 8702
1641372444 47915 11446 8702
1641391311 47915 11446 8702
1641435412 47923 11446 8702
1641536647 48128 11446 8702
1641540751 48231 11446 8702
1641541384 48261 11446 8702
1641800541 48264 11446 8702
1641873072 48270 11446 8702
1641873149 48289 11446 8702
1641881003 48297 11446 8702
1641958060 48300 11446 8702
1642043186 48333 11446 8702
1642045930 48338 11446 8702
1642063436 48348 11446 8702
1642067088 48356 11446 8702
1642141034 48369 11446 8702
1642484625 48404 11446 8702
1642573693 48622 11446 8702
1642736789 48623 11446 8702
1644199996 48637 11446 8702
1644200076 48708 11446 8702
1644200105 48740 11446 8702
1644286881 48947 11446 8702
1644371870 48948 11446 8702
1644372951 49376 11446 8702
1644387310 49487 11446 8702
1644567436 50319 11446 8702
1644568995 50326 11446 8702
1644569242 50327 11446 8702
1644569963 50449 11446 8702
1644570124 50450 11446 8702
1644653712 50458 11446 8702
1644659876 50697 11446 8702
1644661650 50716 11446 8702
1644662355 50717 11446 8702
1644666874 50731 11446 8702
1644723893 50775 11446 8702
1644729879 50782 11446 8702
1644733070 50790 11446 8702
1644734281 50795 11446 8702
1644739527 50841 11446 8702
1644739597 50843 11446 8702
1644740669 50849 11446 8702
1644741174 50850 11446 8702
1644817472 50851 11446 8702
1644904720 50852 11446 8702
1645013447 50875 11446 8702
1645082410 50879 11446 8702
1645148305 51074 11446 8702
1645148754 51077 11446 8702
1645173338 51147 11446 8702
1645177877 51148 11446 8702
1645428305 51556 11446 8702
1645434199 51569 11446 8702
1645435219 51573 11446 8702
1645436132 51575 11446 8702
1645436488 51579 11446 8702
1646027716 51713 11446 8702
1646039622 51715 11446 8702
1646205259 51735 11446 8702
1646205366 52065 11446 8702
1646289189 52072 11446 8702
1646633216 52297 11446 8702
1646643530 52387 11446 8702
1646789579 52750 11446 8702
1646805834 52867 11446 8702
1646891413 53103 11446 8702
1646962447 53113 11446 8702
1646964296 53116 11446 8702
1646990303 53153 11446 8702
1647245746 53173 11446 8702
1647250233 53336 11446 8702
1647332036 53484 11446 8702
1647333133 53488 11446 8702
1647333796 53494 11446 8702
1647334125 53500 11446 8702
1647418715 54318 11446 8702
1647419840 54329 11446 8702
1647419964 54335 11446 8702
1647482275 54337 11446 8702
1647502079 54495 11446 8702
1647566931 54809 11446 8702
1647571276 54825 11446 8702
1647574034 54937 11446 8702
1647591772 55000 11446 8702
1647594054 55004 11446 8702
1647596538 55008 11446 8702
1647828214 55019 11446 8702
1647828389 55025 11446 8702
1647849069 55082 11446 8702
1648088132 55113 11446 8702
1648102432 55123 11446 8702
1648193585 55168 11446 8702
1648548058 55186 11446 8702
1648632866 55213 11446 8702
1648894614 55812 11446 8702
1649208434 55911 11446 8702
1649208530 55919 11446 8702
1649226871 55936 11446 8702
1649380852 56326 11446 8702
1649383165 56327 11446 8702
1649405692 56331 11446 8702
1649407480 56332 11446 8702
1649659137 56340 11446 8702
1649735179 56537 11446 8702
1649748373 56542 11446 8702
1649748458 56547 11446 8702
1649748874 56551 11446 8702
1649756713 56584 11446 8702
1649758068 56649 11446 8702
1649818360 56658 11446 8702
1649822546 57075 11446 8702
1649899538 57102 11446 8702
1649901273 57108 11446 8702
1649908323 57130 11446 8702
1649921810 57134 11446 8702
1649992137 57149 11446 8702
1650267178 57156 11446 8702
1650268518 57192 11446 8702
1650443732 57195 11446 8702
1650444765 57207 11446 8702
1650617372 57232 11446 8702
1650958988 57288 11446 8702
1650959879 57289 11446 8702
1651223213 57290 11446 8702
1651736014 57311 11446 8702
1652068021 58684 11446 8702
1652086687 58800 11446 8702
1652172519 58801 11446 8702
1652253726 58821 11446 8702
1652695240 58822 11446 8702
1652695477 58830 11446 8702
1652749768 58839 11446 8702
1652767585 59004 11446 8702
1652840704 59090 11446 8702
1652852138 59095 11446 8702
1652944307 59100 11446 8702
1653361401 59102 11446 8702
1653379795 59142 11446 8702
1653633299 59147 11446 8702
1653893491 59147 11446 8702
1653894291 59148 11446 8702
1654075327 59154 11446 8702
1654133968 59155 11446 8702
1654138791 59159 11446 8702
1654583370 59159 11446 8702
1654667010 59160 11446 8702
1654669966 59182 11446 8702
1654677496 59209 11446 8702
1654743167 59231 11446 8702
1654745823 59234 11446 8702
1654746761 59236 11446 8702
1654840310 59238 11446 8702
1654853494 59239 11446 8702
1655178821 59434 11446 8702
1655190845 59436 11446 8702
1655191819 59440 11446 8702
1655194378 59440 11446 8702
1655359743 59469 11446 8702
1655359847 59469 11446 8702
1655709613 59481 11446 8702
1655880560 59487 11446 8702
1655881441 59488 11446 8702
1655892899 59503 11446 8702
1656482106 59635 11446 8702
1656484285 59638 11446 8702
1656489249 59642 11446 8702
1656491056 59667 11446 8702
1657006638 59669 11446 8702
1657013982 59673 11446 8702
1657014877 59676 11446 8702
1657161643 59702 11446 8702
1657265755 59708 11446 8702
1657503888 59714 11446 8702
1657514241 59741 11446 8702
1657527939 59742 11446 8702
1657595547 59768 11446 8702
1658132315 59819 11446 8702
1658990209 59828 11446 8702
1658993959 60258 11446 8702
1659338759 60266 11446 8702
1659339042 60268 11446 8702
1659429862 60307 11446 8702
1659595635 60311 11446 8702
1659596324 60317 11446 8702
1659597698 60318 11446 8702
1659599009 60335 11446 8702
1659679371 60336 11446 8702
1659686122 60337 11446 8702
1659696781 60338 11446 8702
1660096715 60340 11446 8702
1660189932 60353 11446 8702
1660630742 60462 11446 8702
1660706628 60472 11446 8702
1660875780 60505 11446 8702
1661133426 60511 11446 8702
1661502913 60526 11446 8702
1661506033 60530 11446 8702
1661928856 60532 11446 8702
1661997814 60534 11446 8702
1662456326 60699 11446 8702
1662706913 60729 11446 8702
1662707023 60734 11446 8702
1662707343 60739 11446 8702
1663137962 60754 11446 8702
1663412990 60754 11449 8702
1663413181 60754 11453 8702
1663748455 60790 11453 8702
1663748503 60790 11453 8702
1663900089 60790 11453 8702
1663925535 60840 11453 8702
1664173042 60845 11453 8702
1664259043 60868 11453 8702
1665198567 60891 11453 8702
1665295167 60928 11453 8702
1665302637 60929 11453 8702
1665303279 60932 11453 8702
1665372559 60937 11453 8702
1665372618 60937 11453 8702
1665557637 60939 11453 8702
1666079593 60958 11453 8702
1666163594 60976 11453 8702
1666174059 61024 11453 8702
1666236643 61062 11453 8702
1666253269 61066 11453 8702
1666256239 61078 11453 8702
1666258771 61080 11453 8702
1666260874 61086 11453 8702
1666691846 61087 11453 8702
1666697360 61107 11453 8702
1666697838 61131 11453 8702
1666697958 61133 11453 8702
1666858178 61241 11453 8702
1666858656 61253 11453 8702
1666872031 61254 11453 8702
1666925303 61263 11453 8702
1667358402 61267 11453 8702
1667441567 61315 11453 8702
1667531707 61322 11453 8702
1667803864 61345 11453 8702
1667871252 62875 11453 8702
1667888400 62880 11453 8702
1667890207 62891 11453 8702
1667892212 62896 11453 8702
1667980927 62897 11453 8702
1668050486 62950 11453 8702
1668062004 62997 11453 8702
1668156599 62998 11453 8702
1668414203 63139 11453 8702
1668414404 63143 11453 8702
1668484403 63158 11453 8702
1668489952 63159 11453 8702
1668581789 63178 11453 8702
1668734832 63180 11453 8702
1669882040 63410 11453 8702
1669882094 63410 11453 8702
1669882177 63414 11453 8702
1669882188 63438 11453 8702
1669967805 63615 11453 8702
1669968121 63620 11453 8702
1669968286 63621 11453 8702
1669969900 63651 11453 8702
1669972276 63653 11453 8702
1669972876 63716 11453 8702
1669974778 63728 11453 8702
1669975554 63762 11453 8702
1670206844 63801 11453 8702
1670221605 63802 11453 8702
1670295753 64370 11453 8702
1670306740 64371 11453 8702
1670314793 64382 11453 8702
1670551347 64407 11453 8702
1670644394 64408 11453 8702
1670901780 64440 11453 8702
1671074839 64468 11453 8702
1671586077 64740 11453 8702
1671586541 64744 11453 8702
1672127798 64752 11453 8702
1672299265 64753 11453 8702
1672901691 64797 11453 8702
1672904869 64839 11453 8702
1672972570 64850 11453 8702
1672987679 64914 11453 8702
1673345298 66161 11453 8702
1673353455 66207 11453 8702
1673355943 66209 11453 8702
1673359619 66228 11453 8702
1673526955 66232 11453 8702
1674982142 66236 11453 8702
1675240473 66246 11453 8702
1675652342 66260 11453 8702
1675674444 66264 11453 8702
1675738464 66280 11453 8702
1675823785 66297 11453 8702
1675824653 66299 11453 8702
1676023601 66302 11453 8702
1676368410 66304 11453 8702
1676370272 66330 11453 8702
1676370405 66331 11453 8702
1676371072 66341 11453 8702
1676442438 66343 11453 8702
1676531393 66344 11453 8702
1676616554 66352 11453 8702
1676965834 66365 11453 8702
1677491155 66366 11453 8702
1677575181 66368 11453 8702
1677822642 67013 11453 8702
1678073627 67080 11453 8702
1678085164 67082 11453 8702
1678157212 67129 11453 8702
1678158099 67156 11453 8702
1678247133 67204 11453 8702
1678766175 68081 11453 8702
1678773067 68082 11453 8702
1678773093 68083 11453 8702
1678783473 68295 11453 8702
1678785077 68296 11453 8702
1678785135 68297 11453 8702
1678785195 68298 11453 8702
1678851447 68345 11453 8702
1678860527 68355 11453 8702
1678860807 68356 11453 8702
1678876097 68517 11453 8702
1678934130 68533 11453 8702
1678939106 68548 11453 8702
1678945160 68552 11453 8702
1678946662 68555 11453 8702
1678947434 68557 11453 8702
1678948126 68559 11453 8702
1678948231 68561 11453 8702
1678948818 68564 11453 8702
1678960144 68568 11453 8702
1679020581 68646 11453 8702
1679021379 68647 11453 8702
1679022999 68648 11453 8702
1679276500 68663 11453 8702
1679277573 68668 11453 8702
1679283334 68675 11453 8702
1679283925 68676 11453 8702
1679298834 68677 11453 8702
1679366962 68688 11453 8702
1679369428 68693 11453 8702
1679561834 69271 11453 8702
1679561992 69306 11453 8702
1679564296 69307 11453 8702
1679883038 69310 11453 8702
1679904796 69341 11453 8702
1679907541 69489 11453 8702
1679910028 69539 11453 8702
1679910135 69573 11453 8702
1679984460 69589 11453 8702
1679986660 69590 11453 8702
1679989030 69600 11453 8702
1680081055 69699 11453 8702
1680232095 69706 11453 8702
1680254966 69757 11453 8702
1680504092 69775 11453 8702
1680508828 69777 11453 8702
1680587382 69790 11453 8702
1681176290 69792 11453 8702
1681176729 69792 11453 8702
1681177124 69794 11453 8702
1681177457 69820 11453 8702
1681197296 69828 11453 8702
1681198863 69868 11453 8702
1681200459 69874 11453 8702
1681206299 69877 11453 8702
1681289268 69885 11453 8702
1681293682 69892 11453 8702
1681353121 69909 11453 8702
1681354563 69910 11453 8702
1681377708 71111 11453 8702
1681386903 71117 11453 8702
1681387164 71120 11453 8702
1681387644 71123 11453 8702
1681439282 71127 11453 8702
1681439636 71130 11453 8702
1681701576 71131 11453 8702
1681702427 71132 11453 8702
1681711901 71153 11453 8702
1681712184 71156 11453 8702
1681712433 71160 11453 8702
1681725797 71169 11453 8702
1681884070 71185 11453 8702
1681887241 71236 11453 8702
1681892664 71278 11453 8702
1681892997 71513 11453 8702
1681893019 71513 11453 8702
1681893551 71533 11453 8702
1681894336 71534 11453 8702
1681895904 71554 11453 8702
1681957133 71622 11453 8702
1681957213 71627 11453 8702
1681957455 71628 11453 8702
1681957682 71678 11453 8702
1681957755 71679 11453 8702
1681961840 71808 11453 8702
1681962935 71813 11453 8702
1681970372 71814 11453 8702
1682041997 71825 11453 8702
1682060583 71827 11453 8702
1682215935 71839 11453 8702
1682229800 71845 11453 8702
1682243999 71853 11453 8702
1682304854 71908 11453 8702
1682304874 71922 11453 8702
1682315987 71923 11453 8702
1682331375 71926 11453 8702
1682408013 71930 11453 8702
1682495387 71931 11453 8702
1682559934 71932 11453 8702
1682561868 71936 11453 8702
1682562874 71973 11453 8702
1682564186 72008 11453 8702
1682648467 72009 11453 8702
1682661470 72010 11453 8702
1682662864 72011 11453 8702
1682663237 72013 11453 8702
1683337164 72014 11453 8702
1683351279 72015 11453 8702
1683698924 72035 11453 8702
1683873794 72045 11453 8702
1683880298 72050 11453 8702
1684302337 72052 11453 8702
1684308569 72059 11453 8702
1684459829 72062 11453 8702
1684464001 72085 11453 8702
1684724846 72086 11453 8702
1684807515 72114 11453 8702
1684808924 72134 11453 8702
1684809841 72150 11453 8702
1684980215 72152 11453 8702
1685069296 72158 11453 8702
1685328434 72163 11453 8702
1685590167 81311 11453 8702
1685673122 81312 11453 8702
1686014384 81328 11453 8702
1686107575 87344 11453 8702
1686195778 87346 11453 8702
1686211672 87689 11453 8702
1686216653 87701 11453 8702
1686216933 87702 11453 8702
1686535014 87708 11453 8702
1686535222 87713 11453 8702
1686535592 87723 11453 8702
1686535742 87727 11453 8702
1686535870 87734 11453 8702
1686536075 87841 11453 8702
1686536223 87843 11453 8702
1686536446 87851 11453 8702
1686541588 87851 11684 8702
1686541624 87851 11684 8702
1686541652 87851 11684 8702
1686548345 87851 11689 8702
1686550601 87866 11689 8702
1686550631 87866 11689 8702
1686552326 87871 11689 8702
1686552349 87940 11689 8702
1686554159 88029 11689 8702
1686554553 88034 11689 8702
1686554697 88036 11689 8702
1686554787 88038 11689 8702
1686554932 88054 11689 8702
1686554991 88056 11689 8702
1686555164 88057 11689 8702
1686555222 88057 11689 8702
1686555265 88057 11689 8702
1686556930 88064 11689 8702
1686557188 88069 11689 8702
1686558150 88073 11689 8702
1686560323 88083 11689 8702
1686563294 88084 11689 8702
1686619454 88094 11689 8702
1686619623 88098 11689 8702
1686624165 88116 11689 8702
1686624284 88117 11689 8702
1686624360 88119 11689 8702
1686624696 88120 11689 8702
1686626071 88121 11689 8702
1686636365 88123 11689 8702
1686636763 88125 11689 8702
1686638097 88160 11689 8702
1686640351 88186 11689 8702
1686645313 88191 11689 8702
1686645361 88276 11689 8702
1686645459 88277 11689 8702
1686647248 88280 11689 8702
1686648845 88281 11689 8702
1686649469 88290 11689 8702
1686710225 88291 11689 8702
1686724354 88293 11689 8702
1686810019 88454 11689 8702
1686812194 88458 11689 8702
1687252323 88460 11689 8702
1688025386 92112 11689 8702
1688107293 92845 11689 8702
1688440247 92847 11689 8702
1688630395 94636 11689 8702
1688635641 94651 11689 8702
1688636748 94652 11689 8702
1688638632 94659 11689 8702
1688638748 94663 11689 8702
1688698008 95055 11689 8702
1688699305 95057 11689 8702
1688699631 95058 11689 8702
1688699718 95060 11689 8702
1688700656 95291 11689 8702
1688701496 95494 11689 8702
1688722692 95809 11689 8702
1688723812 95838 11689 8702
1688724082 95844 11689 8702
1688973818 95858 11689 8702
1689054947 95860 11689 8702
1689060678 95965 11689 8702
1689216189 95965 11689 8702
1689216204 95969 11689 8702
1689578393 95974 11689 8702
1689645855 96029 11689 8702
1689648099 96066 11689 8702
1689649998 96106 11689 8702
1689735808 96143 11689 8702
1689923045 96154 11689 8702
1690186536 96186 11689 8702
1690251993 96193 11689 8702
1690252035 96194 11689 8702
1690339345 96196 11689 8702
1690339565 96198 11689 8702
1690342012 96289 11689 8702
1690450908 96290 11689 8702
1690451079 96291 11689 8702
1690522521 96306 11689 8702
1690523494 96323 11689 8702
1690525182 96400 11689 8702
1690527551 96415 11689 8702
1690527803 96417 11689 8702
1690535604 96424 11689 8702
1690769874 96425 11689 8702
1690784175 96425 11689 8702
1690791334 96426 11689 8702
1691032318 96473 11689 8702
1691045161 96480 11689 8702
1691133552 96527 11689 8702
1691634331 96528 11689 8702
1691634396 96529 11689 8702
1691637128 96630 11689 8702
1692165671 96631 11689 8702
1692356968 96633 11689 8702
1692608246 96663 11689 8702
1692769932 96668 11689 8702
1692860539 96787 11689 8702
1693190685 96787 11689 8702
1693191116 96792 11689 8702
1693218926 96793 11689 8702
1693378075 96820 11689 8702
1693386672 97081 11689 8702
1693386918 97133 11689 8702
1693387116 97134 11689 8702
1693387901 97140 11689 8702
1693387983 97142 11689 8702
1693540447 97143 11689 8702
1693552092 97159 11689 8702
1693552258 97169 11689 8702
1693552569 97177 11689 8702
1693563029 97219 11689 8702
1693563196 97226 11689 8702
1693563288 97240 11689 8702
1693799930 97255 11689 8702
1694414873 97264 11689 8702
1694415611 97265 11689 8702
1694501849 97266 11689 8702
1695796993 97324 11689 8702
1696819767 97325 11689 8702
1697422093 97326 11689 8702
1697511637 97334 11689 8702
1697513178 97342 11689 8702
1697523105 97367 11689 8702
1697525989 97368 11689 8702
1698637799 97374 11689 8702
1698732836 97375 11689 8702
1699343302 97381 11689 8702
1699412527 97407 11689 8702
1699426917 97421 11689 8702
1699436956 97489 11689 8702
1699585785 98164 11689 8702
1699586199 98165 11689 8702
1699870402 98237 11689 8702
1699946179 98261 11689 8702
1699946218 98264 11689 8702
1700018488 99922 11689 8702
1700041122 99926 11689 8702
1700102348 99950 11689 8702
1700104192 99963 11689 8702
1700104268 99967 11689 8702
1700203872 99979 11689 8702
1700538986 100005 11689 8702
1700549492 100010 11689 8702
1700791613 100162 11689 8702
1701223788 100173 11689 8702
1701225648 100174 11689 8702
1701242866 100192 11689 8702
1701312355 100193 11689 8702
1702019884 100257 11689 8702
1702359418 100287 11689 8702
1702541342 100825 11689 8702
1702604870 100829 11689 8702
1702628503 101064 11689 8702
1702888995 101087 11689 8702
1703041445 101090 11689 8702
1703149473 101120 11689 8702
1703471815 101144 11689 8702
1703491069 101254 11689 8702
1703664096 101258 11689 8702
1704161573 101259 11689 8702
1704418385 101261 11689 8702
1704436816 101269 11689 8702
1704706147 101326 11689 8702
1704771169 101329 11689 8702
1704788172 101332 11689 8702
1704790652 101354 11689 8702
1704853366 101362 11689 8702
1704854380 102023 11689 8702
1704866462 102024 11689 8702
1704945300 102081 11689 8702
1704960704 102082 11689 8702
1705373766 102654 11689 8702
1705373786 102654 11689 8702
1705550100 102664 11689 8702
1705893220 102665 11689 8702
1706152050 102799 11689 8702
1706164157 102800 11689 8702
1706837053 102825 11689 8702
1706837314 102849 11689 8702
1706862402 102852 11689 8702
1706863406 102858 11689 8702
1707099829 102873 11689 8702
1708507027 102911 11689 8702
1708677893 103050 11689 8702
1708678532 103060 11689 8702
1709177853 103062 11689 8702
1709604222 103063 11689 8702
1709604351 103064 11689 8702
1710235806 103066 11689 8702
1710473740 103068 11689 8702
1710922390 103088 11689 8702
1712818516 103089 11689 8702
1712907854 103289 11689 8702
1713258412 103309 11689 8702
1713322235 103311 11689 8702
1713324861 103527 11689 8702
1713332476 103541 11689 8702
1713346901 103644 11689 8702
1713404332 103646 11689 8702
1713775775 103647 11689 8702
1713844831 103655 11689 8702
1713845352 103684 11689 8702
1713851471 103684 11689 8702
1713852689 103739 11689 8702
1713856263 103814 11689 8702
1714015252 104076 11689 8702
1714272786 104099 11689 8702
1714292190 104100 11689 8702
1715049366 104107 11689 8702
1715153966 104168 11689 8702
1715154070 104170 11689 8702
1715159824 104177 11689 8702
1715673722 104297 11689 8702
1715742409 104301 11689 8702
1715742807 104309 11689 8702
1718180810 104333 11689 8702
