1557134701 1
1557219103 2
1557231570 3
1557231746 4
1557232712 5
1557287593 6
1557303686 7
1557911473 8
1558083147 9
1558403093 10
1558494164 11
1558604941 12
1558609088 13
1558609303 14
1558609971 15
1558616608 16
1558670648 17
1558670955 18
1558674290 19
1558681067 20
1559216407 21
1559229431 22
1559283236 23
1559283338 24
1559283368 25
1559286752 26
1559290588 27
1560140181 28
1560158799 29
1560167714 30
1560219063 31
1560415589 32
1560996943 33
1561362187 34
1561542485 35
1561692891 36
1561693362 37
1561709723 38
1561710843 39
1561712788 40
1562118996 41
1562227895 42
1562291276 43
1562298482 44
1562549568 45
1562758427 46
1562760601 47
1562812287 48
1562814285 49
1562849038 50
1563768068 51
1566284141 52
1566292143 53
1566547424 54
1567044120 55
1567411127 56
1571364168 57
1574145581 58
1574307803 59
1574500475 60
1574651521 61
1575458543 62
1576839276 63
1577177686 64
1577243245 65
1577341990 66
1577344083 67
1577952948 68
1578019838 69
1578035546 70
1578036137 71
1578382437 72
1578555264 73
1584610883 74
1588075470 75
1589973420 76
1591177382 77
1597660763 78
1597670085 79
1598175337 80
1598175637 81
1598948198 82
1599453438 83
1600399296 84
1600842966 85
1601006451 86
1605097351 87
1606987755 88
1606998210 89
1607072820 90
1607072827 91
1607074829 92
1607076009 93
1607339514 94
1607583700 95
1607585814 96
1609402396 97
1611202351 98
1611284772 99
1611284791 100
1611296655 101
1615197742 102
1615197780 103
1615205213 104
1615518146 105
1615528840 106
1617262890 107
1619599293 108
1628243632 109
1629965091 110
1629965105 111
1635306557 112
1635413718 113
1637221866 114
1637742498 115
1638174407 116
1638256619 117
1638327964 118
1640054404 119
1649406619 120
1649758578 121
1649822805 122
1649992974 123
1652767441 124
1656490867 125
1658990136 126
1660189762 127
1675923190 128
1676017096 129
1676267703 130
1676340257 131
1676354888 132
1676354911 133
1676354930 134
1676430741 135
1676452451 136
1676455226 137
1676513668 138
1676874940 139
1678243360 140
1680509404 141
1682503591 142
1682584607 143
1682585463 144
1682585732 145
1682590725 146
1683168200 147
1683169565 148
1683169839 149
1683170155 150
1683170410 151
1683172392 152
1683172846 153
1683172907 154
1683254505 155
1683530855 156
1683537955 157
1683538138 158
1683538601 159
1683704697 160
1683863806 161
1683869997 162
1684121473 163
1684134371 164
1684308605 165
1684315039 166
1684375956 167
1684376161 168
1684380553 169
1684392723 170
1684826665 171
1684826687 172
1684835385 173
1684836206 174
1687141076 175
1687141097 176
1687141493 177
1687155482 178
1688027439 179
1688027537 180
1688458843 181
1691045377 182
1691049719 183
1691132372 184
1691138195 185
1691138239 186
1691143704 187
1691144727 188
1710727694 189
1710729636 190
1710732033 191
