1557134701 4146
1557219103 5369
1557231570 5423
1557231746 5423
1557232712 5446
1557287593 5509
1557303686 5622
1557911473 5639
1558083147 5737
1558403093 5804
1558494164 5806
1558604941 6105
1558609088 6108
1558609303 6238
1558609971 6238
1558616608 6238
1558670648 6231
1558670955 6231
1558674290 6221
1558681067 6223
1559216407 6553
1559229431 6608
1559283236 6605
1559283338 6605
1559283368 6605
1559286752 6614
1559290588 6636
1560140181 6721
1560158799 6721
1560167714 6721
1560219063 6721
1560415589 6727
1560996943 6710
1561362187 6708
1561542485 6723
1561692891 6775
1561693362 6775
1561709723 6775
1561710843 6790
1561712788 6799
1562118996 6799
1562227895 6986
1562291276 6987
1562298482 7000
1562549568 7029
1562758427 7133
1562760601 7194
1562812287 7182
1562814285 7184
1562849038 7184
1563768068 7188
1566284141 7180
1566292143 7176
1566547424 7177
1567044120 7176
1567411127 7333
1571364168 7334
1574145581 7381
1574307803 7448
1574500475 7432
1574651521 7433
1575458543 7434
1576839276 7551
1577177686 7584
1577243245 7562
1577341990 7590
1577344083 7591
1577952948 7618
1578019838 7627
1578035546 7627
1578036137 7627
1578382437 7496
1578555264 7449
1584610883 7449
1588075470 8497
1589973420 8511
1591177382 7631
1597660763 6749
1597670085 6769
1598175337 6869
1598175637 6869
1598948198 6870
1599453438 7009
1600399296 7011
1600842966 7053
1601006451 7063
1605097351 7335
1606987755 7335
1606998210 7328
1607072820 7328
1607072827 7328
1607074829 7328
1607076009 7326
1607339514 7327
1607583700 7200
1607585814 7200
1609402396 7214
1611202351 7050
1615197742 7101
1615197780 7173
1615205213 7175
1615518146 7182
1615528840 7180
1617262890 7222
1619599293 7261
1628243632 7249
1629965091 7254
1629965105 7255
1635306557 7283
1635413718 7285
1637221866 7384
1637742498 7384
1638174407 7386
1638256619 7422
1638327964 7422
1640054404 7451
1649406619 7451
1649758578 7437
1649822805 7702
1649992974 7699
1652767441 7608
1656490867 7617
1658990136 7620
1660189762 7632
1675923190 6596
1676017096 7799
1676267703 7886
1676340257 8458
1676354888 8790
1676354911 8851
1676354930 8854
1676430741 8863
1676452451 8954
1676455226 9017
1676513668 9019
1676874940 9177
1678243360 9944
1680509404 9944
1682503591 9964
1682584607 11059
1682585463 11031
1682585732 11035
1682590725 11074
1683168200 11080
1683169565 11081
1683169839 11079
1683170155 11079
1683170410 11080
1683172392 11088
1683172846 11093
1683172907 11090
1683254505 11136
1683530855 11179
1683537955 11179
1683538138 11175
1683538601 11173
1683704697 11170
1683863806 11172
1683869997 11178
1684308605 11193
1684315039 11315
1684375956 11381
1684376161 11389
1684380553 11398
1684392723 11400
1684826665 11400
1684826687 11401
1684835385 11402
1684836206 11406
1687141076 11408
1687141097 11437
1687141493 11435
1687155482 11435
1688027439 11514
1688027537 11613
1688458843 11619
1691045377 11624
1691049719 11624
1691132372 11624
1691138195 11624
1691138239 11624
1691143704 11713
1691144727 11715
1710727694 11715
1710729636 11718
1710732033 11798
