1557134701 4146
1557219103 5396
1557231570 5468
1557231746 5469
1557232712 5492
1557287593 5574
1557303686 5752
1557911473 5771
1558083147 6050
1558403093 6157
1558494164 6169
1558604941 7803
1558609088 7811
1558609303 7949
1558609971 7955
1558616608 7959
1558670648 7981
1558670955 7983
1558674290 8005
1558681067 8009
1559216407 8869
1559229431 8965
1559283236 8991
1559283338 8991
1559283368 8991
1559286752 9009
1559290588 9055
1560140181 9184
1560158799 9186
1560167714 9187
1560219063 9241
1560415589 9261
1560996943 9272
1561362187 9273
1561542485 9291
1561692891 9351
1561693362 9352
1561709723 9358
1561710843 9385
1561712788 9400
1562118996 9402
1562227895 9590
1562291276 9591
1562298482 9606
1562549568 9638
1562758427 9761
1562760601 9822
1562812287 9834
1562814285 9837
1562849038 9839
1563768068 9845
1566284141 9857
1566292143 9954
1566547424 9955
1567044120 9967
1567411127 10126
1571364168 10133
1574145581 10294
1574307803 10415
1574500475 10415
1574651521 10423
1575458543 10426
1576839276 10585
1577177686 10860
1577243245 10921
1577341990 10975
1577344083 10978
1577952948 11064
1578019838 11077
1578035546 11095
1578036137 11097
1578382437 11105
1578555264 11191
1584610883 11192
1588075470 12276
1589973420 12347
1591177382 12969
1597660763 13344
1597670085 13456
1598175337 13715
1598175637 13716
1598948198 13729
1599453438 14208
1600399296 14210
1600842966 14346
1601006451 14480
1605097351 14940
1606987755 14941
1606998210 14951
1607072820 14951
1607072827 14951
1607074829 14952
1607076009 14953
1607339514 14958
1607583700 15051
1607585814 15109
1609402396 15129
1611202351 15628
1611284772 15772
1611284791 15772
1611296655 15884
1615197742 15958
1615197780 15958
1615205213 15963
1615518146 15979
1615528840 15979
1617262890 16042
1619599293 16088
1628243632 16094
1629965091 16105
1629965105 16105
1635306557 16137
1635413718 16142
1637221866 16385
1637742498 16386
1638174407 16398
1638256619 16436
1638327964 16437
1640054404 16468
1649406619 16469
1649758578 16534
1649822805 16951
1649992974 16966
1652767441 17131
1656490867 17156
1658990136 17165
1660189762 17178
1675923190 17178
1676017096 18581
1676267703 18676
1676340257 19271
1676354888 19623
1676354911 19623
1676354930 19623
1676430741 19716
1676452451 20253
1676455226 20316
1676513668 20318
1676874940 20505
1678243360 21324
1680509404 21325
1682503591 21352
1682584607 22482
1682585463 22482
1682585732 22523
1682590725 22570
1683168200 22584
1683169565 22595
1683169839 22600
1683170155 22602
1683170410 22603
1683172392 22630
1683172846 22640
1683172907 22641
1683254505 22717
1683530855 22760
1683537955 22761
1683538138 22762
1683538601 22769
1683704697 22775
1683863806 22777
1683869997 22783
1684121473 22804
1684134371 22805
1684308605 22868
1684315039 22992
1684375956 23058
1684376161 23066
1684380553 23075
1684392723 23078
1684826665 23080
1684826687 23080
1684835385 23091
1684836206 23096
1687141076 23098
1687141097 23098
1687141493 23099
1687155482 23100
1688027439 23209
1688027537 23209
1688458843 23218
1691045377 23225
1691049719 23226
1691132372 23227
1691138195 23233
1691138239 23239
1691143704 23355
1691144727 23365
1710727694 23367
1710729636 23371
1710732033 23451
