1564744105 1
1564975878 2
1564995564 3
1565009100 4
1565082762 5
1565262033 6
1565262053 7
1565317707 8
1565317739 9
1565362884 10
1565363914 11
1565364053 12
1565364824 13
1565371383 14
1565374280 15
1565395164 16
1565396245 17
1565752411 18
1565752448 19
1565767604 20
1565767629 21
1565770714 22
1565783473 23
1565835749 24
1565835787 25
1565857295 26
1565865841 27
1565865914 28
1565868125 29
1565926405 30
1565927606 31
1565927629 32
1565928231 33
1565940968 34
1565941184 35
1566198767 36
1566198775 37
1566209069 38
1566284230 39
1566293090 40
1566293106 41
1568102258 42
1571364504 43
1574145676 44
1574307904 45
1574651551 46
1575458568 47
1576839553 48
1577178056 49
1577178127 50
1577178215 51
1577243061 52
1577342020 53
1577344129 54
1577953135 55
1578019870 56
1578036186 57
1578382453 58
1578555350 59
1588075561 60
1589973914 61
1591177418 62
1597660807 63
1597670099 64
1598175353 65
1598948207 66
1599453480 67
1600842938 68
1601006506 69
1605097468 70
1607339544 71
1607583727 72
1607585857 73
1609402418 74
1611202360 75
1611284845 76
1615197753 77
1615205220 78
1615518158 79
1615528849 80
1617262902 81
1619599304 82
1628243637 83
1629965136 84
1635306592 85
1635413730 86
1637221141 87
1638174376 88
1638256602 89
1638777592 90
1640054349 91
1649406556 92
1649758653 93
1649822848 94
1649993006 95
1652767420 96
1656490848 97
1658990125 98
1660189744 99
1680509444 100
1688027708 101
1691045393 102
