1566209069 30
1566284230 30
1566293090 30
1566293106 26
1568102258 26
1571364504 27
1574145676 74
1574307904 370
1574651551 371
1575458568 372
1576839553 489
1577178056 522
1577178127 522
1577178215 509
1577243061 491
1577342020 519
1577344129 520
1577953135 547
1578019870 556
1578036186 2413
1578382453 2282
1578555350 2248
1588075561 3322
1589973914 3336
1591177418 2456
1597660807 2610
1597670099 2630
1598175353 2730
1598948207 2731
1599453480 2798
1600842938 2840
1601006506 2850
1605097468 3182
1607339544 3183
1607583727 3057
1607585857 3057
1609402418 3071
1611202360 2907
1611284845 2911
1615197753 2962
1615205220 2964
1615518158 2971
1615528849 2969
1617262902 3011
1619599304 3050
1628243637 3039
1629965136 3044
1635306592 3072
1635413730 3074
1637221141 3170
1638174376 3172
1638256602 3208
1638777592 3209
1640054349 3238
1649406556 3238
1649758653 3532
1649822848 3797
1649993006 3794
1652767420 3703
1656490848 3712
1658990125 3715
1660189744 3727
1680509444 3727
1688027708 3806
1691045393 3811
