1564744105 90
1564975878 165
1564995564 565
1565009100 741
1565082762 2395
1565262033 4556
1565262053 4556
1565317707 4563
1565317739 4563
1565362884 4982
1565363914 4983
1565364053 4984
1565364824 4985
1565371383 4987
1565374280 5006
1565395164 5009
1565396245 5011
1565752411 5021
1565752448 5021
1565767604 5029
1565767629 5029
1565770714 5029
1565783473 5029
1565835749 5040
1565835787 5040
1565857295 5042
1565865841 5046
1565865914 5046
1565868125 5047
1565926405 5117
1565927606 5133
1565927629 5133
1565928231 5133
1565940968 5201
1565941184 5201
1566198767 5229
1566198775 5229
1566209069 5689
1566284230 5698
1566293090 5788
1566293106 5788
1568102258 5791
1571364504 5798
1574145676 5959
1574307904 6259
1574651551 6267
1575458568 6270
1576839553 6428
1577178056 6705
1577178127 6706
1577178215 6707
1577243061 6769
1577342020 6823
1577344129 6826
1577953135 6912
1578019870 6925
1578036186 8782
1578382453 8790
1578555350 8888
1588075561 10008
1589973914 10080
1591177418 10702
1597660807 11041
1597670099 11152
1598175353 11411
1598948207 11424
1599453480 11917
1600842938 12053
1601006506 12187
1605097468 12743
1607339544 12748
1607583727 12842
1607585857 12900
1609402418 12920
1611202360 13419
1611284845 13432
1615197753 13506
1615205220 13511
1615518158 13527
1615528849 13527
1617262902 13590
1619599304 13636
1628243637 13641
1629965136 13652
1635306592 13684
1635413730 13689
1637221141 13824
1638174376 13836
1638256602 13874
1638777592 13883
1640054349 13914
1649406556 13915
1649758653 14220
1649822848 14637
1649993006 14652
1652767420 14817
1656490848 14842
1658990125 14851
1660189744 14864
1680509444 14865
1688027708 14974
1691045393 14981
