1540473934 0 1 0
1540476914 0 2 0
1540477243 0 3 0
1540564862 0 4 0
1540564878 0 5 0
1540564895 0 6 0
1540566197 0 7 0
1540776785 0 8 0
1540785267 0 9 0
1540802578 0 10 0
1540803775 0 11 0
1540804018 0 12 0
1540804629 0 13 0
1540804736 0 14 0
1540804788 0 15 0
1540809356 0 15 1
1540881503 0 16 1
1540881995 0 17 1
1540949069 0 18 1
1540953826 0 19 1
1540984513 0 20 1
1541327061 0 21 1
1541327107 0 22 1
1541416620 0 23 1
1541416705 0 24 1
1541475012 0 25 1
1541485485 0 26 1
1541495174 0 26 2
1541495183 0 26 3
1541502125 0 27 3
1541649733 0 28 3
1541649949 0 29 3
1541650142 0 30 3
1541660637 0 31 3
1541661053 0 32 3
1541662001 0 33 3
1541662638 0 34 3
1541666735 0 34 4
1541667374 0 35 4
1541667543 0 35 5
1541667552 0 35 6
1541671285 0 36 6
1541671293 0 37 6
1542014811 0 37 7
1542021597 0 38 7
1542021606 0 39 7
1542097794 0 39 8
1542097804 0 39 9
1542103709 0 39 10
1542160947 0 40 10
1542160958 0 41 10
1542161188 0 42 10
1542176612 0 43 10
1542177012 0 44 10
1542179720 0 45 10
1542180506 0 46 10
1542180529 0 47 10
1542180586 0 47 11
1542180600 0 47 12
1542186419 0 48 12
1542186427 0 49 12
1542187384 0 50 12
1542187936 0 51 12
1542188190 0 52 12
1542189974 0 53 12
1542249606 0 54 12
1542249825 0 55 12
1542250177 0 56 12
1542254056 0 57 12
1542265397 0 58 12
1542269694 0 59 12
1542277684 0 59 13
1542277723 0 59 14
1542277729 0 60 14
1542277750 0 60 15
1542286292 0 61 15
1542286302 0 62 15
1542355104 0 62 16
1542361162 0 63 16
1542361168 0 64 16
1542363587 0 65 16
1542618656 0 66 16
1542718306 0 67 16
1542786305 0 68 16
1542806063 0 69 16
1542806189 0 70 16
1542806293 0 71 16
1542806393 0 72 16
1542806542 0 73 16
1542807083 0 74 16
1542807142 0 75 16
1542807550 0 76 16
1542810663 0 77 16
1542810790 0 78 16
1542851165 0 79 16
1542852352 0 80 16
1542852573 0 81 16
1542852699 0 82 16
1542852754 0 83 16
1542852782 0 84 16
1542861655 0 85 16
1542863325 0 86 16
1542891919 0 87 16
1542944657 0 88 16
1542944827 0 89 16
1542944973 0 90 16
1542945345 0 91 16
1543478481 0 92 16
1543478803 0 93 16
1543478891 0 94 16
1543484353 0 95 16
1543505180 0 96 16
1543548872 0 97 16
1543827025 0 98 16
1543848033 0 99 16
1543848231 0 100 16
1543913723 0 101 16
1543998790 0 102 16
1544067135 0 103 16
1544067469 0 104 16
1544067854 0 105 16
1544068052 0 106 16
1544070217 0 107 16
1544070358 0 108 16
1544070644 0 109 16
1544076169 0 110 16
1544105790 0 111 16
1544109752 0 112 16
1544109775 0 113 16
1544150214 0 114 16
1544432402 0 115 16
1544454418 0 116 16
1544454445 0 117 16
1544456703 0 118 16
1544493942 0 119 16
1544513436 0 120 16
1545722751 0 121 16
1545835378 0 122 16
1546077847 0 123 16
1546961653 0 124 16
1547092306 0 125 16
1547103201 0 126 16
1547119129 0 127 16
1547203753 0 128 16
1548059709 0 129 16
1548295921 0 130 16
1550658274 0 131 16
1551846937 0 132 16
1551865505 0 133 16
1551868363 0 134 16
1552402854 0 135 16
1552403218 0 136 16
1552550257 1 136 16
1552563922 1 137 16
1552564574 1 138 16
1552564613 1 139 16
1552564627 2 139 16
1552564673 2 140 16
1552564694 3 140 16
1552613820 3 141 16
1552613990 3 141 17
1552630470 3 142 17
1552640439 4 142 17
1552640461 5 142 17
1552640667 5 142 18
1552640707 5 142 19
1552640769 5 142 20
1552640792 5 142 21
1552641921 5 143 21
1552641938 6 143 21
1552642277 6 144 21
1552722208 6 145 21
1552732512 7 145 21
1552744193 7 145 22
1552873254 7 146 22
1552875155 7 146 23
1552902206 7 147 23
1552903694 7 148 23
1552904959 7 149 23
1552911937 7 150 23
1552912026 8 150 23
1552912046 9 150 23
1552914874 9 151 23
1552914992 9 152 23
1552915068 9 153 23
1552915116 10 153 23
1552915138 11 153 23
1552966083 11 154 23
1552981047 11 154 24
1552981056 11 154 25
1552984714 11 155 25
1552987990 11 155 26
1552993035 11 156 26
1553002312 11 156 27
1553002320 11 156 28
1553002501 12 156 28
1553002516 13 156 28
1553009696 13 157 28
1553009703 13 158 28
1553048432 14 158 28
1553048455 15 158 28
1553050591 15 159 28
1553050597 15 160 28
1553052618 15 161 28
1553063609 15 162 28
1553063722 15 163 28
1553064246 16 163 28
1553065232 16 164 28
1553066038 17 164 28
1553066051 18 164 28
1553067347 18 165 28
1553067353 18 166 28
1553067418 18 167 28
1553067491 18 168 28
1553073064 18 169 28
1553073370 19 169 28
1553073380 19 170 28
1553073386 19 171 28
1553075470 19 171 29
1553081896 19 171 30
1553087409 20 171 30
1553087425 21 171 30
1553088220 22 171 30
1553089748 22 172 30
1553093175 22 173 30
1553098481 22 174 30
1553098788 22 175 30
1553099009 22 176 30
1553099234 22 177 30
1553099358 22 178 30
1553099659 22 179 30
1553099736 22 180 30
1553100170 22 181 30
1553100322 22 182 30
1553100438 22 183 30
1553100940 22 184 30
1553102561 22 185 30
1553102610 22 186 30
1553102702 22 187 30
1553102834 22 188 30
1553103022 22 189 30
1553148565 22 190 30
1553150209 22 190 31
1553150885 22 191 31
1553150892 22 192 31
1553150899 23 192 31
1553150925 24 192 31
1553151322 24 193 31
1553151588 24 194 31
1553151731 24 195 31
1553152616 25 195 31
1553152627 26 195 31
1553155185 26 196 31
1553155325 26 197 31
1553155565 26 198 31
1553155957 26 199 31
1553156488 26 200 31
1553158172 26 201 31
1553158643 27 201 31
1553161215 28 201 31
1553163026 28 202 31
1553163032 28 203 31
1553168795 28 204 31
1553169352 28 205 31
1553169880 28 206 31
1553170102 29 206 31
1553170139 30 206 31
1553172326 30 207 31
1553172333 30 208 31
1553216552 31 208 31
1553216565 32 208 31
1553218571 33 208 31
1553224981 33 209 31
1553225447 33 210 31
1553225477 33 211 31
1553225504 33 212 31
1553226925 33 213 31
1553231898 33 214 31
1553233048 33 215 31
1553246123 34 215 31
1553307645 35 215 31
1553307692 35 216 31
1553307698 35 217 31
1553307890 35 218 31
1553308853 36 218 31
1553308895 37 218 31
1553309508 37 219 31
1553309654 37 220 31
1553310096 37 221 31
1553310145 38 221 31
1553310161 39 221 31
1553310324 39 222 31
1553310798 40 222 31
1553310823 41 222 31
1553311178 42 222 31
1553311534 42 223 31
1553311543 42 224 31
1553311573 43 224 31
1553311588 44 224 31
1553312799 44 225 31
1553314552 44 226 31
1553316294 44 227 31
1553317684 44 228 31
1553325158 44 229 31
1553325229 44 230 31
1553325620 44 231 31
1553325939 44 232 31
1553326484 44 233 31
1553329602 44 234 31
1553331601 44 235 31
1553334054 44 236 31
1553334715 44 237 31
1553335098 44 238 31
1553335165 44 239 31
1553336276 44 240 31
1553336462 44 241 31
1553337057 44 242 31
1553415996 44 243 31
1553423233 44 244 31
1553499677 44 245 31
1553504796 45 245 31
1553504839 46 245 31
1553517271 46 246 31
1553580257 46 247 31
1553597250 46 248 31
1553598798 46 249 31
1553599049 46 250 31
1553603599 46 251 31
1553654165 46 252 31
1553655591 46 253 31
1553655830 46 254 31
1553655935 46 255 31
1553777896 46 256 31
1553778003 46 257 31
1553778109 46 258 31
1553863217 46 259 31
1554109520 46 260 31
1554272851 46 261 31
1554273754 46 262 31
1554274872 46 263 31
1554276586 46 264 31
1554693151 46 265 31
1554696519 46 266 31
1554708077 46 267 31
1554708302 46 268 31
1554708716 46 269 31
1554708849 46 270 31
1554712307 46 271 31
1554712344 46 272 31
1554713128 46 273 31
1554719873 46 274 31
1554721156 46 275 31
1554721229 46 276 31
1554735660 46 277 31
1554774310 46 278 31
1554782679 46 279 31
1554792211 46 280 31
1554879225 46 281 31
1554879926 46 282 31
1554883526 46 283 31
1555386123 46 284 31
1555470307 46 285 31
1555551558 46 286 31
1555570955 46 287 31
1555585431 46 288 31
1555588398 46 289 31
1555588599 46 290 31
1555640954 46 291 31
1555648523 46 292 31
1555649158 46 293 31
1555654408 46 294 31
1555673166 46 295 31
1555673869 46 296 31
1555674339 46 297 31
1555676592 46 298 31
1555934322 46 299 31
1556000161 46 300 31
1556007322 46 301 31
1556009780 46 302 31
1556009916 46 303 31
1556010088 46 304 31
1556010719 46 305 31
1556011042 46 306 31
1556011120 46 307 31
1556011160 46 308 31
1556011252 46 309 31
1556011352 46 310 31
1556011416 46 311 31
1556011914 46 312 31
1556091886 46 313 31
1556095550 46 314 31
1556096988 46 315 31
1556159222 46 316 31
1556160322 46 317 31
1556168041 46 318 31
1556169016 46 319 31
1556176637 46 320 31
1556180871 46 321 31
1556193692 46 322 31
1556420794 46 323 31
1556422900 46 324 31
1556424203 46 325 31
1556437281 46 326 31
1556448558 46 327 31
1556449016 46 328 31
1556449968 46 329 31
1556465983 46 330 31
1557075780 46 331 31
1557111293 46 332 31
1557127208 46 333 31
1557193689 46 334 31
1557219065 46 335 31
1557222693 46 336 31
1557315602 46 337 31
1557316162 46 338 31
1557316696 46 339 31
1557375019 46 340 31
1557383358 46 341 31
1557401187 46 342 31
1557405721 47 342 31
1557405784 48 342 31
1557492618 48 343 31
1557492627 48 344 31
1557493449 48 345 31
1557642105 48 346 31
1557643461 48 347 31
1557727665 48 348 31
1557730461 48 349 31
1557730518 48 350 31
1557740823 48 351 31
1557741013 48 352 31
1557759886 48 353 31
1557760770 48 354 31
1557762438 48 355 31
1557762849 48 356 31
1557764386 48 357 31
1557842398 48 358 31
1557905592 49 358 31
1557905907 50 358 31
1557905950 50 359 31
1557905957 50 360 31
1557911139 50 361 31
1557912632 50 362 31
1557915107 50 363 31
1557915817 50 364 31
1557918902 50 365 31
1557919426 50 366 31
1557922114 50 367 31
1557923740 50 368 31
1557933556 50 369 31
1557936882 50 370 31
1557973661 50 371 31
1557974462 50 372 31
1557979560 50 373 31
1557989967 50 374 31
1557990278 51 374 31
1557990296 52 374 31
1557990903 52 375 31
1557990967 52 376 31
1557991012 53 376 31
1557998815 53 377 31
1558001398 53 378 31
1558001580 53 379 31
1558006510 54 379 31
1558006543 55 379 31
1558061279 56 379 31
1558062663 56 380 31
1558062672 56 381 31
1558062718 56 382 31
1558063087 56 383 31
1558063740 56 384 31
1558066251 56 385 31
1558066853 56 386 31
1558068802 56 387 31
1558083178 57 387 31
1558083218 58 387 31
1558087062 58 388 31
1558087066 58 389 31
1558094637 58 390 31
1558095980 58 391 31
1558096189 58 392 31
1558097321 58 393 31
1558336313 59 393 31
1558336378 60 393 31
1558415271 60 394 31
1558440558 60 395 31
1558440570 60 396 31
1558494001 61 396 31
1558522177 62 396 31
1558538704 62 397 31
1558538711 62 398 31
1558539739 62 399 31
1558540500 62 400 31
1558540706 62 401 31
1558540863 62 402 31
1558576684 63 402 31
1558577195 63 403 31
1558577202 63 404 31
1558578883 63 405 31
1558584177 63 406 31
1558584472 63 407 31
1558594247 63 408 31
1558594428 63 409 31
1558597339 64 409 31
1558597487 64 410 31
1558597494 64 411 31
1558601953 64 412 31
1558605404 64 413 31
1558608809 65 413 31
1558609652 65 414 31
1558609659 65 415 31
1558611847 65 416 31
1558623264 65 417 31
1558625281 65 418 31
1558661420 65 419 31
1558670539 65 420 31
1558673127 65 421 31
1558673617 65 422 31
1558681676 66 422 31
1558682105 67 422 31
1558688227 68 422 31
1558693365 68 423 31
1558920497 68 424 31
1558920534 69 424 31
1558920885 70 424 31
1558921800 71 424 31
1558946200 71 425 31
1558948821 72 425 31
1558955806 72 426 31
1559113365 72 427 31
1559118401 73 427 31
1559216266 74 427 31
1559229490 75 427 31
1559283520 76 427 31
1559285156 77 427 31
1559288550 77 428 31
1559288559 77 429 31
1559290601 78 429 31
1559290621 79 429 31
1559292767 80 429 31
1559294403 80 430 31
1559297673 81 430 31
1559612106 81 431 31
1559613360 82 431 31
1559613391 83 431 31
1559638881 83 432 31
1559641212 83 433 31
1559647194 84 433 31
1559647236 85 433 31
1559653143 86 433 31
1559654919 87 433 31
1559656360 87 434 31
1559657549 87 435 31
1559697564 88 435 31
1559697712 89 435 31
1559699307 90 435 31
1559715278 90 436 31
1559715288 90 437 31
1559715407 90 438 31
1559715435 90 439 31
1559715625 91 439 31
1559716456 91 440 31
1559742207 92 440 31
1559742300 93 440 31
1559787437 94 440 31
1559788451 95 440 31
1559791497 96 440 31
1559801786 97 440 31
1559809058 97 441 31
1559812937 97 442 31
1560139433 97 443 31
1560140141 98 443 31
1560140173 99 443 31
1560158572 99 444 31
1560158581 100 444 31
1560165114 101 444 31
1560167732 102 444 31
1560170334 103 444 31
1560172665 104 444 31
1560175916 104 445 31
1560175931 104 446 31
1560179925 104 447 31
1560223782 105 447 31
1560234975 106 447 31
1560235687 107 447 31
1560236858 108 447 31
1560240133 109 447 31
1560245164 110 447 31
1560255224 111 447 31
1560256436 112 447 31
1560304361 113 447 31
1560311208 114 447 31
1560325163 114 448 31
1560325171 114 449 31
1560325766 114 450 31
1560326002 114 451 31
1560326004 115 451 31
1560326078 116 451 31
1560334867 117 451 31
1560344722 118 451 31
1560345150 119 451 31
1560395056 120 451 31
1560406456 121 451 31
1560409159 121 452 31
1560409260 121 453 31
1560409408 122 453 31
1560415216 123 453 31
1560415310 124 453 31
1560415520 125 453 31
1560416665 125 454 31
1560420240 125 455 31
1560420273 125 456 31
1560426161 126 456 31
1560433489 126 457 31
1560476385 126 458 31
1560476716 126 459 31
1560482847 126 460 31
1560506487 127 460 31
1560513643 128 460 31
1560735758 129 460 31
1560767669 130 460 31
1560769109 130 461 31
1560770579 131 461 31
1560774009 132 461 31
1560777226 133 461 31
1560778246 133 462 31
1560778253 133 463 31
1560779164 133 464 31
1560779204 133 465 31
1560780085 133 466 31
1560780119 133 467 31
1560780456 134 467 31
1560780531 135 467 31
1560780616 136 467 31
1560826135 136 468 31
1560849834 137 468 31
1560849871 138 468 31
1560851317 139 468 31
1560852276 140 468 31
1560855571 141 468 31
1560929668 142 468 31
1560933762 143 468 31
1560938216 144 468 31
1560939560 145 468 31
1560952975 146 468 31
1560953252 147 468 31
1560954355 148 468 31
1561106910 149 468 31
1561107788 149 469 31
1561109206 150 469 31
1561110095 151 469 31
1561110276 151 470 31
1561110526 152 470 31
1561110544 153 470 31
1561110667 154 470 31
1561343301 155 470 31
1561362167 156 470 31
1561376582 156 471 31
1561447021 157 471 31
1561447049 158 471 31
1561542223 159 471 31
1561551070 159 472 31
1561552308 159 473 31
1561561000 159 474 31
1561561363 159 475 31
1561561943 159 476 31
1561564580 159 477 31
1561564718 159 478 31
1561565950 159 479 31
1561605241 160 479 31
1561616482 161 479 31
1561624494 161 480 31
1561624642 161 481 31
1561624739 162 481 31
1561642031 163 481 31
1561643572 164 481 31
1561644543 164 482 31
1561644551 164 483 31
1561644657 164 484 31
1561645577 164 485 31
1561645867 165 485 31
1561645884 166 485 31
1561647000 167 485 31
1561648089 167 486 31
1561648792 167 487 31
1561648928 167 488 31
1561687290 168 488 31
1561691114 169 488 31
1561692961 170 488 31
1561693403 171 488 31
1561704134 172 488 31
1561716325 173 488 31
1561975805 173 489 31
1561976605 173 490 31
1561977128 174 490 31
1561977164 175 490 31
1561978671 175 491 31
1561978867 175 492 31
1562066573 176 492 31
1562150119 177 492 31
1562155945 178 492 31
1562213364 178 493 31
1562213371 178 494 31
1562227937 179 494 31
1562228052 180 494 31
1562228195 181 494 31
1562228315 182 494 31
1562239314 182 495 31
1562239322 182 496 31
1562290941 183 496 31
1562298492 184 496 31
1562320753 185 496 31
1562416953 185 497 31
1562416963 185 498 31
1562418989 185 499 31
1562419256 185 500 31
1562423673 185 501 31
1562557939 185 502 31
1562638951 186 502 31
1562653676 187 502 31
1562661921 188 502 31
1562724417 189 502 31
1562730067 190 502 31
1562741111 191 502 31
1562742414 192 502 31
1562742947 193 502 31
1562744004 194 502 31
1562747656 195 502 31
1562748332 195 503 31
1562748341 195 504 31
1562750437 195 505 31
1562753228 196 505 31
1562755784 196 506 31
1562755889 196 507 31
1562812402 197 507 31
1562814272 198 507 31
1562826190 198 508 31
1562827766 198 509 31
1562830980 199 509 31
1562831000 200 509 31
1562831814 200 510 31
1562832092 200 511 31
1562833221 200 512 31
1562848351 200 513 31
1562848664 200 514 31
1562848906 200 515 31
1562849021 200 516 31
1562849060 201 516 31
1562849452 202 516 31
1562914536 203 516 31
1562920318 204 516 31
1562921563 205 516 31
1562924130 206 516 31
1562927926 207 516 31
1562929452 208 516 31
1562933370 209 516 31
1563025823 209 517 31
1563025882 209 518 31
1563159822 210 518 31
1563162285 211 518 31
1563182466 212 518 31
1563183577 213 518 31
1563263911 214 518 31
1563273970 215 518 31
1563274871 216 518 31
1563275672 217 518 31
1563328921 218 518 31
1563335855 219 518 31
1563355641 220 518 31
1563363280 221 518 31
1563415462 222 518 31
1563419949 223 518 31
1563438774 224 518 31
1563442179 225 518 31
1563444451 225 519 31
1563446269 226 519 31
1563446281 227 519 31
1563447556 228 519 31
1563448034 229 519 31
1563450546 230 519 31
1563451860 231 519 31
1563524424 231 520 31
1563780496 232 520 31
1563781269 233 520 31
1563868748 234 520 31
1563869799 235 520 31
1563871210 236 520 31
1563874339 237 520 31
1563936628 238 520 31
1563948693 239 520 31
1563952483 240 520 31
1563959354 241 520 31
1564022089 242 520 31
1564022920 243 520 31
1564023662 244 520 31
1564046986 245 520 31
1564113640 246 520 31
1564129955 247 520 31
1564132948 248 520 31
1564135207 249 520 31
1564137180 250 520 31
1564386882 251 520 31
1564451343 252 520 31
1564481263 253 520 31
1564561856 254 520 31
1564567982 255 520 31
1564570994 256 520 31
1564643325 257 520 31
1564656591 258 520 31
1564730566 259 520 31
1565073853 260 520 31
1565147859 260 521 31
1565166553 260 522 31
1565227758 261 522 31
1565227796 262 522 31
1565233865 262 523 31
1565233874 262 524 31
1565245052 262 525 31
1565252587 263 525 31
1565253378 264 525 31
1565254166 265 525 31
1565254326 266 525 31
1565255546 267 525 31
1565257257 268 525 31
1565267621 269 525 31
1565361676 270 525 31
1565666813 271 525 31
1565684544 272 525 31
1565693283 273 525 31
1565783390 274 525 31
1565839884 275 525 31
1565861137 276 525 31
1565925537 277 525 31
1565946917 278 525 31
1565953557 279 525 31
1565954558 280 525 31
1566179799 280 526 31
1566202886 281 526 31
1566211464 282 526 31
1566267439 283 526 31
1566271483 284 526 31
1566275954 285 526 31
1566284292 286 526 31
1566287917 286 527 31
1566287931 286 528 31
1566288175 286 529 31
1566351676 287 529 31
1566352803 288 529 31
1566373221 289 529 31
1566383451 290 529 31
1566386421 291 529 31
1566466188 292 529 31
1566544108 293 529 31
1566548270 294 529 31
1566554249 295 529 31
1566558212 296 529 31
1566558255 297 529 31
1566802791 298 529 31
1566871045 299 529 31
1566875231 299 530 31
1566875244 299 531 31
1566889884 299 532 31
1566890885 300 532 31
1566897494 301 532 31
1566906357 302 532 31
1566973838 303 532 31
1566994893 304 532 31
1566996825 305 532 31
1567044190 306 532 31
1567049312 307 532 31
1567070673 308 532 31
1567079214 309 532 31
1567152369 310 532 31
1567387849 311 532 31
1567405486 312 532 31
1567411148 313 532 31
1567429443 314 532 31
1567476357 315 532 31
1567493498 315 533 31
1567498579 315 534 31
1567499442 315 535 31
1567500955 315 536 31
1567517741 316 536 31
1567518108 316 537 31
1567518337 316 538 31
1567518797 317 538 31
1567518823 318 538 31
1567521182 318 539 31
1567521190 318 540 31
1567521522 318 541 31
1567522047 318 542 31
1567523994 318 543 31
1567564409 319 543 31
1567565348 320 543 31
1567569729 320 544 31
1567570379 321 544 31
1567570421 322 544 31
1567580566 322 545 31
1567580573 322 546 31
1567586367 322 547 31
1567586588 322 548 31
1567598112 323 548 31
1567653969 324 548 31
1567674475 325 548 31
1567674638 326 548 31
1567681105 327 548 31
1567683899 328 548 31
1567684625 329 548 31
1567689078 330 548 31
1567690302 330 549 31
1568030020 331 549 31
1568030374 332 549 31
1568102458 333 549 31
1568106927 334 549 31
1568110448 335 549 31
1568113604 336 549 31
1568118571 337 549 31
1568119219 338 549 31
1568119317 339 549 31
1568119957 340 549 31
1568166042 341 549 31
1568186773 342 549 31
1568186943 343 549 31
1568195904 344 549 31
1568250776 345 549 31
1568281411 346 549 31
1568282885 347 549 31
1568630704 348 549 31
1568701873 349 549 31
1568717946 350 549 31
1568719830 351 549 31
1568771134 352 549 31
1568794242 353 549 31
1568797413 354 549 31
1568802047 355 549 31
1568806018 356 549 31
1568812503 357 549 31
1568820597 357 550 31
1568856980 358 550 31
1568857796 359 550 31
1568857895 359 551 31
1568858629 360 551 31
1568861887 361 551 31
1568880534 362 551 31
1568882059 363 551 31
1568884244 364 551 31
1568890751 365 551 31
1568893147 366 551 31
1568896454 367 551 31
1568901094 368 551 31
1568949192 369 551 31
1568971922 370 551 31
1568974828 371 551 31
1568975328 372 551 31
1569224701 373 551 31
1569229493 374 551 31
1569231820 375 551 31
1569232069 376 551 31
1569320783 377 551 31
1569550937 378 551 31
1569554517 379 551 31
1569572703 380 551 31
1569722122 380 552 31
1569833167 381 552 31
1569837522 382 552 31
1570506565 383 552 31
1570517394 384 552 31
1570517486 385 552 31
1570531144 386 552 31
1570534175 387 552 31
1570584666 388 552 31
1570586425 389 552 31
1570602289 390 552 31
1570613163 391 552 31
1570613239 392 552 31
1570617825 392 553 31
1570674447 393 553 31
1570674590 394 553 31
1570676731 395 553 31
1570677764 396 553 31
1570678428 397 553 31
1570680088 398 553 31
1570681123 399 553 31
1570688935 400 553 31
1570691833 401 553 31
1570759236 402 553 31
1570760150 403 553 31
1570774618 404 553 31
1570780128 405 553 31
1570783684 406 553 31
1570784230 407 553 31
1570784305 408 553 31
1570798277 408 554 31
1570843910 409 554 31
1570863552 410 554 31
1570863607 411 554 31
1570876774 412 554 31
1570877155 413 554 31
1570879055 414 554 31
1571018230 415 554 31
1571037626 416 554 31
1571050611 417 554 31
1571105409 418 554 31
1571132167 419 554 31
1571132957 420 554 31
1571196530 421 554 31
1571215476 422 554 31
1571215553 423 554 31
1571277544 424 554 31
1571302531 425 554 31
1571391859 426 554 31
1571729472 427 554 31
1571824392 428 554 31
1571912274 429 554 31
1571913100 430 554 31
1571913770 431 554 31
1571916810 432 554 31
1571988872 433 554 31
1571992491 434 554 31
1571996483 435 554 31
1572000527 436 554 31
1572231088 437 554 31
1572245806 438 554 31
1572250044 439 554 31
1572313049 440 554 31
1572313386 441 554 31
1572316436 442 554 31
1572318514 443 554 31
1572330686 444 554 31
1572333699 445 554 31
1572339988 446 554 31
1572341200 447 554 31
1572341693 448 554 31
1572342206 449 554 31
1572343885 450 554 31
1572344084 451 554 31
1572347377 452 554 31
1572348151 453 554 31
1572349310 454 554 31
1572406882 455 554 31
1572407936 456 554 31
1572426537 457 554 31
1572427288 458 554 31
1572427951 459 554 31
1572493030 460 554 31
1572507177 461 554 31
1572507518 462 554 31
1572514943 463 554 31
1572574952 464 554 31
1572579086 465 554 31
1572579422 466 554 31
1572579666 467 554 31
1572579887 468 554 31
1572594342 469 554 31
1572603643 470 554 31
1572604452 471 554 31
1572604704 472 554 31
1572834927 473 554 31
1572835850 474 554 31
1572837785 475 554 31
1572848840 476 554 31
1572851141 477 554 31
1572851694 478 554 31
1572858931 479 554 31
1572865528 480 554 31
1572925039 481 554 31
1572938528 481 555 31
1573179444 482 555 31
1573197784 483 555 31
1573459527 484 555 31
1573540621 485 555 31
1573543883 486 555 31
1573611687 486 556 31
1573633649 487 556 31
1574128865 488 556 31
1574145278 489 556 31
1574150851 490 556 31
1574154796 491 556 31
1574166120 492 556 31
1574166552 493 556 31
1574307825 494 556 31
1574319350 495 556 31
1574389400 496 556 31
1574394900 497 556 31
1574395047 498 556 31
1574407124 499 556 31
1574410029 500 556 31
1574478858 501 556 31
1574479420 502 556 31
1574497759 503 556 31
1574500661 504 556 31
1574510091 505 556 31
1574645842 506 556 31
1574646164 507 556 31
1574647008 508 556 31
1574651534 509 556 31
1574767116 510 556 31
1574846616 510 557 31
1574856957 511 557 31
1574857660 511 558 31
1574858398 511 559 31
1574858548 511 560 31
1574858586 511 561 31
1574905815 512 561 31
1574912226 513 561 31
1574992120 514 561 31
1575013448 515 561 31
1575013619 516 561 31
1575014222 517 561 31
1575022102 518 561 31
1575023831 519 561 31
1575256088 520 561 31
1575275056 521 561 31
1575343767 522 561 31
1575359363 523 561 31
1575361895 524 561 31
1575362644 525 561 31
1575365292 526 561 31
1575366344 527 561 31
1575367553 528 561 31
1575370629 529 561 31
1575376803 530 561 31
1575424799 531 561 31
1575427870 532 561 31
1575430628 533 561 31
1575442220 534 561 31
1575443415 535 561 31
1575443684 536 561 31
1575444637 537 561 31
1575445432 538 561 31
1575445867 539 561 31
1575455402 540 561 31
1575458105 541 561 31
1575458554 542 561 31
1575459444 543 561 31
1575460039 544 561 31
1575464777 545 561 31
1575465054 546 561 31
1575469448 547 561 31
1575475307 548 561 31
1575478250 549 561 31
1575528217 550 561 31
1575531105 551 561 31
1575536959 552 561 31
1575546051 553 561 31
1575547403 554 561 31
1575549660 555 561 31
1575557014 556 561 31
1575595691 557 561 31
1575597367 558 561 31
1575616412 559 561 31
1575621308 560 561 31
1575621563 561 561 31
1575862654 562 561 31
1575881113 563 561 31
1575886816 564 561 31
1575887196 565 561 31
1575949346 566 561 31
1575961349 567 561 31
1575972204 568 561 31
1575975657 569 561 31
1576057303 570 561 31
1576058240 571 561 31
1576134182 572 561 31
1576137164 573 561 31
1576138284 574 561 31
1576147244 575 561 31
1576229036 575 562 31
1576465945 576 562 31
1576495495 577 562 31
1576496263 578 562 31
1576496427 579 562 31
1576499312 580 562 31
1576554318 581 562 31
1576554576 582 562 31
1576565837 583 562 31
1576633481 584 562 31
1576652058 585 562 31
1576661358 586 562 31
1576664787 587 562 31
1576727040 588 562 31
1576738873 589 562 31
1576837833 590 562 31
1577099967 591 562 31
1577173627 592 562 31
1577243073 593 562 31
1577246597 594 562 31
1577262839 595 562 31
1577342005 596 562 31
1577344093 597 562 31
1577362379 598 562 31
1577773342 599 562 31
1577773853 600 562 31
1577779469 601 562 31
1577787361 602 562 31
1577790053 603 562 31
1577790465 604 562 31
1577953020 605 562 31
1578019855 606 562 31
1578035577 607 562 31
1578036150 608 562 31
1578291975 609 562 31
1578300076 610 562 31
1578300654 611 562 31
1578362419 612 562 31
1578367980 613 562 31
1578368669 614 562 31
1578368692 615 562 31
1578380916 616 562 31
1578390331 617 562 31
1578390345 618 562 31
1578396848 619 562 31
1578399891 620 562 31
1578403208 621 562 31
1578446246 622 562 31
1578451116 623 562 31
1578452611 624 562 31
1578453508 625 562 31
1578555280 626 562 31
1578555925 627 562 31
1578651537 628 562 31
1579080211 629 562 31
1579141543 630 562 31
1580218206 631 562 31
1580218380 632 562 31
1580374279 633 562 31
1580374468 634 562 31
1580377470 635 562 31
1580384405 636 562 31
1580384792 637 562 31
1580385764 638 562 31
1580798837 639 562 31
1580903307 640 562 31
1581085228 641 562 31
1581087475 642 562 31
1581170700 643 562 31
1581174333 644 562 31
1581174359 645 562 31
1581316136 646 562 31
1581321113 647 562 31
1581408579 648 562 31
1581423679 649 562 31
1581424843 650 562 31
1581426572 651 562 31
1581508627 652 562 31
1581513755 653 562 31
1581513820 654 562 31
1581515431 655 562 31
1581516232 656 562 31
1581518365 657 562 31
1581679049 658 562 31
1581925660 659 562 31
1581939419 660 562 31
1582034122 661 562 31
1582122359 662 562 31
1582175040 663 562 31
1582186025 664 562 31
1582201230 665 562 31
1582210759 666 562 31
1582532950 667 562 31
1582774071 668 562 31
1582968696 669 562 31
1582975509 670 562 31
1582976122 671 562 31
1582988168 672 562 31
1583041875 673 562 31
1583207711 674 562 31
1583209042 675 562 31
1583209365 676 562 31
1583219095 677 562 31
1583220272 678 562 31
1583253398 679 562 31
1583376124 680 562 31
1583377766 681 562 31
1583994207 682 562 31
1583994760 683 562 31
1584427411 684 562 31
1584606456 685 562 31
1584606978 686 562 31
1585208843 687 562 31
1585654126 688 562 31
1585910565 689 562 31
1586332430 690 562 31
1586948566 691 562 31
1587547276 692 562 31
1588044407 692 563 31
1588071223 692 564 31
1588072497 692 565 31
1588073745 693 565 31
1588075523 694 565 31
1588998271 695 565 31
1589438553 695 566 31
1589790100 695 567 31
1589856487 695 568 31
1589973440 696 568 31
1589973540 697 568 31
1590389165 698 568 31
1590475039 699 568 31
1590484325 700 568 31
1590566713 701 568 31
1591177017 702 568 31
1591177071 703 568 31
1593332381 703 569 31
1593420288 703 570 31
1593434187 703 571 31
1593483955 703 572 31
1593490458 703 573 31
1593490471 703 574 31
1593498059 704 574 31
1593572524 705 574 31
1593601555 706 574 31
1593603426 706 575 31
1593603847 707 575 31
1593604233 707 576 31
1593604242 708 576 31
1593604269 709 576 31
1593604460 709 577 31
1593604607 709 578 31
1593604774 709 579 31
1593604988 709 580 31
1593605541 709 581 31
1593605698 709 582 31
1593605947 709 583 31
1593656853 710 583 31
1593656881 711 583 31
1593678003 712 583 31
1593679018 713 583 31
1593686001 714 583 31
1594276242 715 583 31
1594609001 716 583 31
1594708431 717 583 31
1594708917 718 583 31
1594819628 719 583 31
1594867615 720 583 31
1594894443 721 583 31
1594969938 722 583 31
1594981733 723 583 31
1595576845 724 583 31
1595577889 725 583 31
1595821923 726 583 31
1596017349 727 583 31
1596017825 728 583 31
1596106345 729 583 31
1596166688 730 583 31
1596191191 731 583 31
1596539694 732 583 31
1596619812 733 583 31
1596789761 734 583 31
1596789935 735 583 31
1597051112 736 583 31
1597645975 737 583 31
1597646161 738 583 31
1597658482 738 584 31
1597658893 738 585 31
1597659236 739 585 31
1597659598 739 586 31
1597659607 739 587 31
1597662243 740 587 31
1597663173 741 587 31
1597663683 742 587 31
1597669524 743 587 31
1597819260 744 587 31
1597820501 744 588 31
1597821730 744 589 31
1597821847 744 590 31
1597822007 744 591 31
1597833911 744 592 31
1597834299 745 592 31
1597890342 746 592 31
1597890664 747 592 31
1598174826 748 592 31
1598235874 749 592 31
1598354098 750 592 31
1598444037 751 592 31
1598445199 751 593 31
1598947938 752 593 31
1598953901 753 593 31
1598956287 754 593 31
1599052154 755 593 31
1599101368 756 593 31
1599101390 757 593 31
1599101642 758 593 31
1599104077 759 593 31
1599106736 760 593 31
1599107017 761 593 31
1599124279 762 593 31
1599189064 763 593 31
1599189423 764 593 31
1599192498 765 593 31
1599213729 766 593 31
1599453455 767 593 31
1599469043 768 593 31
1599474669 769 593 31
1599533414 770 593 31
1599565130 771 593 31
1599567703 772 593 31
1599634539 773 593 31
1599634718 774 593 31
1599727611 775 593 31
1599736980 776 593 31
1599737445 777 593 31
1599789383 778 593 31
1599805164 779 593 31
1599821773 780 593 31
1600069703 781 593 31
1600070359 782 593 31
1600159576 783 593 31
1600230196 784 593 31
1600230249 785 593 31
1600316517 786 593 31
1600331893 786 594 31
1600332537 787 594 31
1600332617 788 594 31
1600345153 789 594 31
1600416266 790 594 31
1600416739 790 595 31
1600416748 790 596 31
1600417208 790 597 31
1600417452 790 598 31
1600694946 790 599 31
1600741002 791 599 31
1600743183 792 599 31
1600745365 793 599 31
1600755624 794 599 31
1600760864 794 600 31
1600762872 795 600 31
1600764712 795 601 31
1600764720 795 602 31
1600764947 795 603 31
1600765736 795 604 31
1600765754 795 605 31
1600768141 795 606 31
1600826177 796 606 31
1600826205 797 606 31
1600826691 797 607 31
1600826700 797 608 31
1600832407 797 609 31
1600832442 797 610 31
1600842639 798 610 31
1600842957 799 610 31
1600850221 799 611 31
1600850229 799 612 31
1600850390 799 613 31
1600943237 800 613 31
1600943270 801 613 31
1600998443 801 614 31
1600998453 801 615 31
1601006483 802 615 31
1601006491 803 615 31
1601274991 803 616 31
1601275001 803 617 31
1601286899 804 617 31
1602208061 804 618 31
1602208072 804 619 31
1602829627 805 619 31
1602829640 806 619 31
1603765748 807 619 31
1603779576 807 620 31
1603794507 808 620 31
1603877864 808 621 31
1604041307 809 621 31
1604041450 810 621 31
1604328445 810 622 31
1604392620 811 622 31
1604569130 812 622 31
1605095294 813 622 31
1605239338 814 622 31
1605241270 815 622 31
1606059529 815 623 31
1606060624 815 624 31
1606060810 815 625 31
1606095764 815 626 31
1606372158 815 627 31
1606380136 816 627 31
1606380192 817 627 31
1606472082 818 627 31
1606703864 818 628 31
1606703874 818 629 31
1606747920 818 630 31
1606802806 818 631 31
1606810002 819 631 31
1606810033 820 631 31
1606820549 820 632 31
1606878335 820 633 31
1607309212 820 634 31
1607339524 821 634 31
1607339532 822 634 31
1607570861 822 635 31
1607585843 823 635 31
1609402408 824 635 31
1611202354 825 635 31
1611284839 826 635 31
1611296665 827 635 31
1612422583 828 635 31
1612422801 829 635 31
1615197748 830 635 31
1615205216 831 635 31
1615518153 832 635 31
1615528844 833 635 31
1617262896 834 635 31
1619599298 835 635 31
1628243667 836 635 31
1628243764 837 635 31
1629965123 838 635 31
1635306570 839 635 31
1635413724 840 635 31
1637222047 841 635 31
1637742526 842 635 31
1638174392 843 635 31
1638256610 844 635 31
1638327956 845 635 31
1638352331 846 635 31
1638526673 846 636 31
1640054360 847 636 31
1649406589 848 636 31
1649758608 849 636 31
1649822827 850 636 31
1649992990 851 636 31
1652767431 852 636 31
1656490857 853 636 31
1658990130 854 636 31
1660189752 855 636 31
1680509426 856 636 31
1688027642 857 636 31
1691045384 858 636 31
