1540473934 0 32229 0
1540476914 0 32304 0
1540477243 0 32330 0
1540564862 0 32335 0
1540564878 0 32336 0
1540564895 0 32337 0
1540566197 0 32373 0
1540776785 0 32376 0
1540785267 0 32376 0
1540802578 0 34495 0
1540803775 0 34770 0
1540804018 0 34771 0
1540804629 0 34841 0
1540804736 0 34861 0
1540804788 0 34864 0
1540809356 0 34864 4
1540881503 0 34864 4
1540881995 0 34884 4
1540949069 0 34891 4
1540953826 0 34892 4
1540984513 0 34893 4
1541327061 0 34903 4
1541327107 0 34904 4
1541416620 0 43447 4
1541416705 0 43462 4
1541475012 0 43789 4
1541485485 0 43811 4
1541495174 0 43811 1861
1541495183 0 43811 1861
1541502125 0 43943 1861
1541649733 0 46896 1861
1541649949 0 46896 1861
1541650142 0 46907 1861
1541660637 0 46985 1861
1541661053 0 46986 1861
1541662001 0 47006 1861
1541662638 0 47017 1861
1541666735 0 47017 2079
1541667374 0 47033 2079
1541667543 0 47033 2113
1541667552 0 47033 2113
1541671285 0 47038 2113
1541671293 0 47038 2113
1542014811 0 47038 2146
1542021597 0 47106 2146
1542021606 0 47106 2146
1542097794 0 47106 2167
1542097804 0 47106 2167
1542103709 0 47106 2169
1542160947 0 47117 2169
1542160958 0 47117 2169
1542161188 0 47122 2169
1542176612 0 47126 2169
1542177012 0 47127 2169
1542179720 0 47128 2169
1542180506 0 47158 2169
1542180529 0 47159 2169
1542180586 0 47159 2207
1542180600 0 47159 2207
1542186419 0 47165 2207
1542186427 0 47165 2207
1542187384 0 47170 2207
1542187936 0 47172 2207
1542188190 0 47176 2207
1542189974 0 47196 2207
1542249606 0 47328 2207
1542249825 0 47336 2207
1542250177 0 47344 2207
1542254056 0 47352 2207
1542265397 0 47362 2207
1542269694 0 47363 2207
1542277684 0 47363 2209
1542277723 0 47363 2209
1542277729 0 47381 2209
1542277750 0 47381 2209
1542286292 0 47423 2209
1542286302 0 47423 2209
1542355104 0 47423 2215
1542361162 0 47464 2215
1542361168 0 47464 2215
1542363587 0 47477 2215
1542618656 0 47503 2215
1542718306 0 48317 2215
1542786305 0 48367 2215
1542806063 0 48525 2215
1542806189 0 48533 2215
1542806293 0 48539 2215
1542806393 0 48541 2215
1542806542 0 48543 2215
1542807083 0 48545 2215
1542807142 0 48547 2215
1542807550 0 48577 2215
1542810663 0 48685 2215
1542810790 0 48905 2215
1542851165 0 48917 2215
1542852352 0 48918 2215
1542852573 0 49029 2215
1542852699 0 49029 2215
1542852754 0 49029 2215
1542852782 0 49029 2215
1542861655 0 49064 2215
1542863325 0 49084 2215
1542891919 0 49100 2215
1542944657 0 49210 2215
1542944827 0 49211 2215
1542944973 0 49212 2215
1542945345 0 49219 2215
1543478481 0 49228 2215
1543478803 0 49228 2215
1543478891 0 49235 2215
1543484353 0 49242 2215
1543505180 0 49255 2215
1543548872 0 49262 2215
1543827025 0 49292 2215
1543848033 0 49412 2215
1543848231 0 49417 2215
1543913723 0 49443 2215
1543998790 0 49612 2215
1544067135 0 49767 2215
1544067469 0 49769 2215
1544067854 0 49770 2215
1544068052 0 49772 2215
1544070217 0 50169 2215
1544070358 0 50172 2215
1544070644 0 50174 2215
1544076169 0 50176 2215
1544105790 0 50203 2215
1544109752 0 50233 2215
1544109775 0 50234 2215
1544150214 0 50238 2215
1544432402 0 50353 2215
1544454418 0 50910 2215
1544454445 0 50910 2215
1544456703 0 50917 2215
1544493942 0 50926 2215
1544513436 0 50999 2215
1545722751 0 51020 2215
1545835378 0 51086 2215
1546077847 0 51117 2215
1546961653 0 51121 2215
1547092306 0 51123 2215
1547103201 0 51150 2215
1547119129 0 51273 2215
1547203753 0 51274 2215
1548059709 0 51278 2215
1548295921 0 51388 2215
1550658274 0 51398 2215
1551846937 0 51534 2215
1551865505 0 51536 2215
1551868363 0 51563 2215
1552402854 0 51892 2215
1552403218 0 51910 2215
1552550257 240 51910 2215
1552563922 240 51910 2215
1552564574 240 51971 2215
1552564613 240 51973 2215
1552564627 240 51973 2215
1552564673 240 51974 2215
1552564694 240 51974 2215
1552613820 240 52011 2215
1552613990 240 52011 2266
1552630470 240 52012 2266
1552640439 240 52012 2266
1552640461 459 52012 2266
1552640667 459 52012 2266
1552640707 459 52012 2269
1552640769 459 52012 2272
1552640792 459 52012 2272
1552641921 459 52030 2272
1552641938 459 52030 2272
1552642277 459 52031 2272
1552722208 459 52043 2272
1552732512 633 52043 2272
1552744193 633 52043 2510
1552873254 633 52056 2510
1552875155 633 52056 2556
1552902206 633 52056 2556
1552903694 633 52061 2556
1552904959 633 52066 2556
1552911937 633 52067 2556
1552912026 807 52067 2556
1552912046 807 52067 2556
1552914874 807 54524 2556
1552914992 807 54524 2556
1552915068 807 54525 2556
1552915116 912 54525 2556
1552915138 912 54525 2556
1552966083 912 54595 2556
1552981047 912 54595 2864
1552981056 912 54595 2864
1552984714 912 54649 2864
1552987990 912 54649 2897
1552993035 912 54653 2897
1553002312 912 54653 3047
1553002320 912 54653 3047
1553002501 1567 54653 3047
1553002516 1567 54653 3047
1553009696 1567 54674 3047
1553009703 1567 54674 3047
1553048432 1578 54674 3047
1553048455 1578 54674 3047
1553050591 1578 54702 3047
1553050597 1578 54702 3047
1553052618 1578 54704 3047
1553063609 1578 54764 3047
1553063722 1578 54772 3047
1553064246 2275 54772 3047
1553065232 2275 54779 3047
1553066038 2400 54779 3047
1553066051 2400 54779 3047
1553067347 2400 54856 3047
1553067353 2400 54856 3047
1553067418 2400 54857 3047
1553067491 2400 54858 3047
1553073064 2400 54942 3047
1553073370 2406 54942 3047
1553073380 2406 54943 3047
1553073386 2406 54943 3047
1553075470 2406 54943 3140
1553081896 2406 54943 3149
1553087409 2499 54943 3149
1553087425 2499 54943 3149
1553088220 2531 54943 3149
1553089748 2531 54980 3149
1553093175 2531 55197 3149
1553098481 2531 55200 3149
1553098788 2531 55207 3149
1553099009 2531 55208 3149
1553099234 2531 55226 3149
1553099358 2531 55228 3149
1553099659 2531 55245 3149
1553099736 2531 55246 3149
1553100170 2531 55256 3149
1553100322 2531 55261 3149
1553100438 2531 55264 3149
1553100940 2531 55281 3149
1553102561 2531 55317 3149
1553102610 2531 55317 3149
1553102702 2531 55318 3149
1553102834 2531 55320 3149
1553103022 2531 55321 3149
1553148565 2531 55382 3149
1553150209 2531 55382 3278
1553150885 2531 55891 3278
1553150892 2531 55891 3278
1553150899 2747 55891 3278
1553150925 2747 55891 3278
1553151322 2747 55892 3278
1553151588 2747 55899 3278
1553151731 2747 55900 3278
1553152616 2747 55900 3278
1553152627 2747 55900 3278
1553155185 2747 55936 3278
1553155325 2747 55941 3278
1553155565 2747 55947 3278
1553155957 2747 55951 3278
1553156488 2747 55952 3278
1553158172 2747 55967 3278
1553158643 3217 55967 3278
1553161215 3217 55967 3278
1553163026 3217 55978 3278
1553163032 3217 55978 3278
1553168795 3217 55997 3278
1553169352 3217 56015 3278
1553169880 3217 56016 3278
1553170102 3231 56016 3278
1553170139 3231 56016 3278
1553172326 3231 56358 3278
1553172333 3231 56358 3278
1553216552 3232 56358 3278
1553216565 3232 56358 3278
1553218571 3234 56358 3278
1553224981 3234 56415 3278
1553225447 3234 56421 3278
1553225477 3234 56422 3278
1553225504 3234 56423 3278
1553226925 3234 56490 3278
1553231898 3234 56491 3278
1553233048 3234 56540 3278
1553246123 4403 56540 3278
1553307645 4513 56540 3278
1553307692 4513 56593 3278
1553307698 4513 56593 3278
1553307890 4513 56595 3278
1553308853 4516 56595 3278
1553308895 4516 56595 3278
1553309508 4516 56791 3278
1553309654 4516 56791 3278
1553310096 4516 56808 3278
1553310145 4518 56808 3278
1553310161 4518 56808 3278
1553310324 4518 56811 3278
1553310798 4573 56811 3278
1553310823 4573 56811 3278
1553311178 4590 56811 3278
1553311534 4590 56829 3278
1553311543 4590 56829 3278
1553311573 4591 56829 3278
1553311588 4591 56829 3278
1553312799 4591 56831 3278
1553314552 4591 56918 3278
1553316294 4591 56919 3278
1553317684 4591 56924 3278
1553325158 4591 57639 3278
1553325229 4591 57640 3278
1553325620 4591 57642 3278
1553325939 4591 57643 3278
1553326484 4591 57650 3278
1553329602 4591 57710 3278
1553331601 4591 57734 3278
1553334054 4591 57812 3278
1553334715 4591 57819 3278
1553335098 4591 57839 3278
1553335165 4591 57842 3278
1553336276 4591 57847 3278
1553336462 4591 57849 3278
1553337057 4591 57853 3278
1553415996 4591 57855 3278
1553423233 4591 57889 3278
1553499677 4591 57890 3278
1553504796 4645 57890 3278
1553504839 4645 57890 3278
1553517271 4645 57919 3278
1553580257 4645 58074 3278
1553597250 4645 58111 3278
1553598798 4645 58116 3278
1553599049 4645 58120 3278
1553603599 4645 58127 3278
1553654165 4645 58130 3278
1553655591 4645 58166 3278
1553655830 4645 58171 3278
1553655935 4645 58172 3278
1553777896 4645 58173 3278
1553778003 4645 58174 3278
1553778109 4645 58180 3278
1553863217 4645 59015 3278
1554109520 4645 59026 3278
1554272851 4645 59028 3278
1554273754 4645 59056 3278
1554274872 4645 59056 3278
1554276586 4645 59071 3278
1554693151 4645 59078 3278
1554696519 4645 59163 3278
1554708077 4645 59164 3278
1554708302 4645 59193 3278
1554708716 4645 59204 3278
1554708849 4645 59206 3278
1554712307 4645 59260 3278
1554712344 4645 59262 3278
1554713128 4645 59285 3278
1554719873 4645 59291 3278
1554721156 4645 59292 3278
1554721229 4645 59293 3278
1554735660 4645 59308 3278
1554774310 4645 59314 3278
1554782679 4645 59337 3278
1554792211 4645 59339 3278
1554879225 4645 59341 3278
1554879926 4645 59344 3278
1554883526 4645 59345 3278
1555386123 4645 59409 3278
1555470307 4645 59419 3278
1555551558 4645 60095 3278
1555570955 4645 60197 3278
1555585431 4645 60270 3278
1555588398 4645 60295 3278
1555588599 4645 60297 3278
1555640954 4645 60378 3278
1555648523 4645 60799 3278
1555649158 4645 60801 3278
1555654408 4645 60802 3278
1555673166 4645 60806 3278
1555673869 4645 60816 3278
1555674339 4645 60817 3278
1555676592 4645 60823 3278
1555934322 4645 61236 3278
1556000161 4645 61237 3278
1556007322 4645 61252 3278
1556009780 4645 61259 3278
1556009916 4645 61260 3278
1556010088 4645 61267 3278
1556010719 4645 61354 3278
1556011042 4645 61384 3278
1556011120 4645 61386 3278
1556011160 4645 61387 3278
1556011252 4645 61389 3278
1556011352 4645 61395 3278
1556011416 4645 61396 3278
1556011914 4645 61398 3278
1556091886 4645 62295 3278
1556095550 4645 62306 3278
1556096988 4645 62323 3278
1556159222 4645 62334 3278
1556160322 4645 62340 3278
1556168041 4645 63452 3278
1556169016 4645 63513 3278
1556176637 4645 63567 3278
1556180871 4645 63568 3278
1556193692 4645 63670 3278
1556420794 4645 63766 3278
1556422900 4645 63798 3278
1556424203 4645 63818 3278
1556437281 4645 63823 3278
1556448558 4645 63826 3278
1556449016 4645 63828 3278
1556449968 4645 63887 3278
1556465983 4645 63893 3278
1557075780 4645 63923 3278
1557111293 4645 64057 3278
1557127208 4645 65309 3278
1557193689 4645 65619 3278
1557219065 4645 65765 3278
1557222693 4645 65846 3278
1557315602 4645 65973 3278
1557316162 4645 65978 3278
1557316696 4645 66002 3278
1557375019 4645 66064 3278
1557383358 4645 66077 3278
1557401187 4645 66186 3278
1557405721 5037 66186 3278
1557405784 5037 66186 3278
1557492618 5037 66226 3278
1557492627 5037 66226 3278
1557493449 5037 66230 3278
1557642105 5037 66274 3278
1557643461 5037 66292 3278
1557727665 5037 66378 3278
1557730461 5037 66380 3278
1557730518 5037 66381 3278
1557740823 5037 66409 3278
1557741013 5037 66410 3278
1557759886 5037 66415 3278
1557760770 5037 66420 3278
1557762438 5037 66464 3278
1557762849 5037 66471 3278
1557764386 5037 66507 3278
1557842398 5037 66549 3278
1557905592 6410 66549 3278
1557905907 6410 66549 3278
1557905950 6410 66613 3278
1557905957 6410 66613 3278
1557911139 6410 66631 3278
1557912632 6410 66665 3278
1557915107 6410 66667 3278
1557915817 6410 66676 3278
1557918902 6410 66786 3278
1557919426 6410 66811 3278
1557922114 6410 66840 3278
1557923740 6410 66843 3278
1557933556 6410 66900 3278
1557936882 6410 66907 3278
1557973661 6410 66930 3278
1557974462 6410 66932 3278
1557979560 6410 66933 3278
1557989967 6410 67201 3278
1557990278 6665 67201 3278
1557990296 6665 67201 3278
1557990903 6665 67203 3278
1557990967 6665 67214 3278
1557991012 6665 67214 3278
1557998815 6665 67218 3278
1558001398 6665 67240 3278
1558001580 6665 67241 3278
1558006510 6948 67241 3278
1558006543 6948 67241 3278
1558061279 6950 67241 3278
1558062663 6950 67254 3278
1558062672 6950 67254 3278
1558062718 6950 67258 3278
1558063087 6950 67258 3278
1558063740 6950 67272 3278
1558066251 6950 67296 3278
1558066853 6950 67305 3278
1558068802 6950 67310 3278
1558083178 7127 67310 3278
1558083218 7127 67310 3278
1558087062 7127 67463 3278
1558087066 7127 67463 3278
1558094637 7127 67488 3278
1558095980 7127 67489 3278
1558096189 7127 67493 3278
1558097321 7127 67495 3278
1558336313 7129 67495 3278
1558336378 7129 67495 3278
1558415271 7129 67569 3278
1558440558 7129 67569 3278
1558440570 7129 67581 3278
1558494001 7375 67581 3278
1558522177 7555 67581 3278
1558538704 7555 69666 3278
1558538711 7555 69666 3278
1558539739 7555 69768 3278
1558540500 7555 69769 3278
1558540706 7555 69771 3278
1558540863 7555 69774 3278
1558576684 7555 69774 3278
1558577195 7555 69776 3278
1558577202 7555 69776 3278
1558578883 7555 69799 3278
1558584177 7555 69815 3278
1558584472 7555 69817 3278
1558594247 7555 69841 3278
1558594428 7555 69845 3278
1558597339 7564 69845 3278
1558597487 7564 69932 3278
1558597494 7564 69932 3278
1558601953 7564 70005 3278
1558605404 7564 70006 3278
1558608809 7628 70006 3278
1558609652 7628 70008 3278
1558609659 7628 70008 3278
1558611847 7628 70009 3278
1558623264 7628 70019 3278
1558625281 7628 70020 3278
1558661420 7628 70021 3278
1558670539 7628 70051 3278
1558673127 7628 70063 3278
1558673617 7628 70067 3278
1558681676 7774 70067 3278
1558682105 7774 70067 3278
1558688227 7834 70067 3278
1558693365 7834 70155 3278
1558920497 7834 70174 3278
1558920534 7884 70174 3278
1558920885 7884 70174 3278
1558921800 7925 70174 3278
1558946200 7925 70186 3278
1558948821 7948 70186 3278
1558955806 7948 70187 3278
1559113365 7948 70361 3278
1559118401 7964 70361 3278
1559216266 8271 70361 3278
1559229490 8364 70361 3278
1559283520 8368 70361 3278
1559285156 8381 70361 3278
1559288550 8381 70366 3278
1559288559 8381 70366 3278
1559290601 8430 70366 3278
1559290621 8430 70366 3278
1559292767 8434 70366 3278
1559294403 8434 70393 3278
1559297673 8437 70393 3278
1559612106 8437 70399 3278
1559613360 8439 70399 3278
1559613391 8439 70399 3278
1559638881 8439 70513 3278
1559641212 8439 70513 3278
1559647194 8481 70513 3278
1559647236 8481 70513 3278
1559653143 8483 70513 3278
1559654919 8483 70513 3278
1559656360 8483 70541 3278
1559657549 8483 70543 3278
1559697564 8589 70543 3278
1559697712 8589 70543 3278
1559699307 8590 70543 3278
1559715278 8590 70547 3278
1559715288 8590 70547 3278
1559715407 8590 70548 3278
1559715435 8590 70549 3278
1559715625 8655 70549 3278
1559716456 8655 70552 3278
1559742207 8655 70552 3278
1559742300 8655 70552 3278
1559787437 8702 70552 3278
1559788451 8715 70552 3278
1559791497 8721 70552 3278
1559801786 8729 70552 3278
1559809058 8729 70618 3278
1559812937 8729 70618 3278
1560139433 8729 70750 3278
1560140141 8893 70750 3278
1560140173 8893 70750 3278
1560158572 8893 70752 3278
1560158581 8893 70752 3278
1560165114 9063 70752 3278
1560167732 9064 70752 3278
1560170334 9130 70752 3278
1560172665 9132 70752 3278
1560175916 9132 70753 3278
1560175931 9132 70753 3278
1560179925 9132 70806 3278
1560223782 9221 70806 3278
1560234975 9236 70806 3278
1560235687 9243 70806 3278
1560236858 9249 70806 3278
1560240133 9273 70806 3278
1560245164 9288 70806 3278
1560255224 9395 70806 3278
1560256436 9396 70806 3278
1560304361 9464 70806 3278
1560311208 9538 70806 3278
1560325163 9538 70819 3278
1560325171 9538 70819 3278
1560325766 9538 70823 3278
1560326002 9538 70823 3278
1560326004 9692 70823 3278
1560326078 9692 70823 3278
1560334867 9753 70823 3278
1560344722 9936 70823 3278
1560345150 9969 70823 3278
1560395056 10027 70823 3278
1560406456 10104 70823 3278
1560409159 10104 70869 3278
1560409260 10104 70872 3278
1560409408 10160 70872 3278
1560415216 10283 70872 3278
1560415310 10283 70872 3278
1560415520 10303 70872 3278
1560416665 10303 70907 3278
1560420240 10303 70908 3278
1560420273 10303 70909 3278
1560426161 10399 70909 3278
1560433489 10399 71044 3278
1560476385 10399 71052 3278
1560476716 10399 71066 3278
1560482847 10399 71109 3278
1560506487 10550 71109 3278
1560513643 10554 71109 3278
1560735758 10555 71109 3278
1560767669 10595 71109 3278
1560769109 10595 71111 3278
1560770579 10626 71111 3278
1560774009 10670 71111 3278
1560777226 10704 71111 3278
1560778246 10704 71194 3278
1560778253 10704 71194 3278
1560779164 10704 71199 3278
1560779204 10704 71200 3278
1560780085 10704 71206 3278
1560780119 10704 71207 3278
1560780456 10714 71207 3278
1560780531 10714 71207 3278
1560780616 10715 71207 3278
1560826135 10715 71224 3278
1560849834 10717 71224 3278
1560849871 10717 71224 3278
1560851317 10726 71224 3278
1560852276 10734 71224 3278
1560855571 10747 71224 3278
1560929668 10776 71224 3278
1560933762 10816 71224 3278
1560938216 10828 71224 3278
1560939560 10842 71224 3278
1560952975 10936 71224 3278
1560953252 10945 71224 3278
1560954355 10951 71224 3278
1561106910 11795 71224 3278
1561107788 11795 71230 3278
1561109206 11806 71230 3278
1561110095 11806 71230 3278
1561110276 11806 71232 3278
1561110526 11813 71232 3278
1561110544 11813 71232 3278
1561110667 11814 71232 3278
1561343301 11848 71232 3278
1561362167 11849 71232 3278
1561376582 11849 71232 3278
1561447021 11860 71232 3278
1561447049 11860 71232 3278
1561542223 11879 71232 3278
1561551070 11879 71261 3278
1561552308 11879 71295 3278
1561561000 11879 71515 3278
1561561363 11879 71559 3278
1561561943 11879 71577 3278
1561564580 11879 71629 3278
1561564718 11879 71632 3278
1561565950 11879 71635 3278
1561605241 11907 71635 3278
1561616482 11919 71635 3278
1561624494 11919 71683 3278
1561624642 11919 71683 3278
1561624739 11948 71683 3278
1561642031 12119 71683 3278
1561643572 12143 71683 3278
1561644543 12143 71970 3278
1561644551 12143 71970 3278
1561644657 12143 71970 3278
1561645577 12143 71971 3278
1561645867 12231 71971 3278
1561645884 12231 71971 3278
1561647000 12232 71971 3278
1561648089 12232 71972 3278
1561648792 12232 72006 3278
1561648928 12232 72012 3278
1561687290 12233 72012 3278
1561691114 12243 72012 3278
1561692961 12273 72012 3278
1561693403 12274 72012 3278
1561704134 12277 72012 3278
1561716325 12280 72012 3278
1561975805 12280 72188 3278
1561976605 12280 72190 3278
1561977128 12464 72190 3278
1561977164 12464 72190 3278
1561978671 12464 72260 3278
1561978867 12464 72262 3278
1562066573 12620 72262 3278
1562150119 13011 72262 3278
1562155945 13017 72262 3278
1562213364 13017 72370 3278
1562213371 13017 72370 3278
1562227937 13114 72370 3278
1562228052 13162 72370 3278
1562228195 13189 72370 3278
1562228315 13376 72370 3278
1562239314 13376 72488 3278
1562239322 13376 72488 3278
1562290941 13377 72488 3278
1562298492 13393 72488 3278
1562320753 13395 72488 3278
1562416953 13395 72810 3278
1562416963 13395 72810 3278
1562418989 13395 72856 3278
1562419256 13395 72856 3278
1562423673 13395 72867 3278
1562557939 13395 72868 3278
1562638951 13540 72868 3278
1562653676 13557 72868 3278
1562661921 13709 72868 3278
1562724417 13711 72868 3278
1562730067 13965 72868 3278
1562741111 14002 72868 3278
1562742414 14009 72868 3278
1562742947 14010 72868 3278
1562744004 14119 72868 3278
1562747656 14135 72868 3278
1562748332 14135 403636 3278
1562748341 14135 403636 3278
1562750437 14135 403671 3278
1562753228 14198 403671 3278
1562755784 14198 403713 3278
1562755889 14198 403713 3278
1562812402 14210 403713 3278
1562814272 14213 403713 3278
1562826190 14213 404044 3278
1562827766 14213 404047 3278
1562830980 14214 404047 3278
1562831000 14214 404047 3278
1562831814 14214 404086 3278
1562832092 14214 404095 3278
1562833221 14214 404117 3278
1562848351 14214 404204 3278
1562848664 14214 404205 3278
1562848906 14214 404215 3278
1562849021 14214 404218 3278
1562849060 14510 404218 3278
1562849452 14510 404218 3278
1562914536 14782 404218 3278
1562920318 15244 404218 3278
1562921563 15332 404218 3278
1562924130 15462 404218 3278
1562927926 15472 404218 3278
1562929452 15476 404218 3278
1562933370 15480 404218 3278
1563025823 15480 404231 3278
1563025882 15480 404231 3278
1563159822 15522 404231 3278
1563162285 15910 404231 3278
1563182466 16315 404231 3278
1563183577 16316 404231 3278
1563263911 16542 404231 3278
1563273970 16698 404231 3278
1563274871 16727 404231 3278
1563275672 16729 404231 3278
1563328921 16748 404231 3278
1563335855 16754 404231 3278
1563355641 16934 404231 3278
1563363280 17011 404231 3278
1563415462 17014 404231 3278
1563419949 17152 404231 3278
1563438774 17223 404231 3278
1563442179 17275 404231 3278
1563444451 17275 404328 3278
1563446269 17292 404328 3278
1563446281 17292 404328 3278
1563447556 17313 404328 3278
1563448034 17319 404328 3278
1563450546 17321 404328 3278
1563451860 17328 404328 3278
1563524424 17328 404336 3278
1563780496 17437 404336 3278
1563781269 17437 404336 3278
1563868748 17884 404336 3278
1563869799 17898 404336 3278
1563871210 17910 404336 3278
1563874339 17972 404336 3278
1563936628 18018 404336 3278
1563948693 18029 404336 3278
1563952483 18033 404336 3278
1563959354 18219 404336 3278
1564022089 18438 404336 3278
1564022920 18442 404336 3278
1564023662 18478 404336 3278
1564046986 18639 404336 3278
1564113640 18652 404336 3278
1564129955 18957 404336 3278
1564132948 18963 404336 3278
1564135207 18992 404336 3278
1564137180 18993 404336 3278
1564386882 19429 404336 3278
1564451343 19471 404336 3278
1564481263 19472 404336 3278
1564561856 20298 404336 3278
1564567982 20328 404336 3278
1564570994 20343 404336 3278
1564643325 20348 404336 3278
1564656591 20360 404336 3278
1564730566 20361 404336 3278
1565073853 20369 404336 3278
1565147859 20369 404657 3278
1565166553 20369 404675 3278
1565227758 20371 404675 3278
1565227796 20371 404675 3278
1565233865 20371 404721 3278
1565233874 20371 404721 3278
1565245052 20371 404763 3278
1565252587 20453 404763 3278
1565253378 20462 404763 3278
1565254166 20481 404763 3278
1565254326 20484 404763 3278
1565255546 20491 404763 3278
1565257257 20502 404763 3278
1565267621 20546 404763 3278
1565361676 20582 404763 3278
1565666813 20730 404763 3278
1565684544 20956 404763 3278
1565693283 21103 404763 3278
1565783390 21427 404763 3278
1565839884 21470 404763 3278
1565861137 21538 404763 3278
1565925537 21640 404763 3278
1565946917 21746 404763 3278
1565953557 21756 404763 3278
1565954558 21757 404763 3278
1566179799 21757 404813 3278
1566202886 21767 404813 3278
1566211464 21900 404813 3278
1566267439 21951 404813 3278
1566271483 22010 404813 3278
1566275954 22068 404813 3278
1566284292 22166 404813 3278
1566287917 22166 404918 3278
1566287931 22166 404918 3278
1566288175 22166 404919 3278
1566351676 22236 404919 3278
1566352803 22240 404919 3278
1566373221 22315 404919 3278
1566383451 22402 404919 3278
1566386421 22414 404919 3278
1566466188 22510 404919 3278
1566544108 22556 404919 3278
1566548270 22560 404919 3278
1566554249 22583 404919 3278
1566558212 22615 404919 3278
1566558255 22640 404919 3278
1566802791 22717 404919 3278
1566871045 22744 404919 3278
1566875231 22744 405024 3278
1566875244 22744 405024 3278
1566889884 22744 405026 3278
1566890885 22792 405026 3278
1566897494 22809 405026 3278
1566906357 23289 405026 3278
1566973838 23303 405026 3278
1566994893 23787 405026 3278
1566996825 23960 405026 3278
1567044190 23972 405026 3278
1567049312 24698 405026 3278
1567070673 24702 405026 3278
1567079214 25136 405026 3278
1567152369 25508 405026 3278
1567387849 25662 405026 3278
1567405486 25687 405026 3278
1567411148 25846 405026 3278
1567429443 25949 405026 3278
1567476357 25960 405026 3278
1567493498 25960 405060 3278
1567498579 25960 405102 3278
1567499442 25960 405103 3278
1567500955 25960 405106 3278
1567517741 26478 405106 3278
1567518108 26478 405112 3278
1567518337 26478 405112 3278
1567518797 26479 405112 3278
1567518823 26479 405112 3278
1567521182 26479 405164 3278
1567521190 26479 405164 3278
1567521522 26479 405164 3278
1567522047 26479 405168 3278
1567523994 26479 405222 3278
1567564409 26480 405222 3278
1567565348 26482 405222 3278
1567569729 26482 405237 3278
1567570379 26503 405237 3278
1567570421 26503 405237 3278
1567580566 26503 405330 3278
1567580573 26503 405330 3278
1567586367 26503 405366 3278
1567586588 26503 405368 3278
1567598112 26680 405368 3278
1567653969 26685 405368 3278
1567674475 26688 405368 3278
1567674638 26727 405368 3278
1567681105 26908 405368 3278
1567683899 26981 405368 3278
1567684625 26983 405368 3278
1567689078 27604 405368 3278
1567690302 27604 405444 3278
1568030020 27851 405444 3278
1568030374 27852 405444 3278
1568102458 28080 405444 3278
1568106927 28086 405444 3278
1568110448 28089 405444 3278
1568113604 28109 405444 3278
1568118571 28136 405444 3278
1568119219 28139 405444 3278
1568119317 28140 405444 3278
1568119957 28142 405444 3278
1568166042 28162 405444 3278
1568186773 28341 405444 3278
1568186943 28362 405444 3278
1568195904 28365 405444 3278
1568250776 28368 405444 3278
1568281411 29003 405444 3278
1568282885 29006 405444 3278
1568630704 29186 405444 3278
1568701873 29333 405444 3278
1568717946 29356 405444 3278
1568719830 29374 405444 3278
1568771134 29381 405444 3278
1568794242 29469 405444 3278
1568797413 29528 405444 3278
1568802047 29529 405444 3278
1568806018 29530 405444 3278
1568812503 29537 405444 3278
1568820597 29537 405444 3278
1568856980 29540 405444 3278
1568857796 29545 405444 3278
1568857895 29545 405444 3278
1568858629 29552 405444 3278
1568861887 29555 405444 3278
1568880534 29563 405444 3278
1568882059 29565 405444 3278
1568884244 29565 405444 3278
1568890751 29596 405444 3278
1568893147 29624 405444 3278
1568896454 29626 405444 3278
1568901094 29634 405444 3278
1568949192 29716 405444 3278
1568971922 29724 405444 3278
1568974828 29726 405444 3278
1568975328 29727 405444 3278
1569224701 29737 405444 3278
1569229493 29739 405444 3278
1569231820 29752 405444 3278
1569232069 29762 405444 3278
1569320783 29768 405444 3278
1569550937 29803 405444 3278
1569554517 29804 405444 3278
1569572703 29808 405444 3278
1569722122 29808 405444 3278
1569833167 29809 405444 3278
1569837522 29818 405444 3278
1570506565 29820 405444 3278
1570517394 29822 405444 3278
1570517486 29838 405444 3278
1570531144 29865 405444 3278
1570534175 29884 405444 3278
1570584666 29890 405444 3278
1570586425 29892 405444 3278
1570602289 29897 405444 3278
1570613163 29904 405444 3278
1570613239 30004 405444 3278
1570617825 30004 405444 3278
1570674447 30191 405444 3278
1570674590 30192 405444 3278
1570676731 30245 405444 3278
1570677764 30266 405444 3278
1570678428 30284 405444 3278
1570680088 30287 405444 3278
1570681123 30309 405444 3278
1570688935 30331 405444 3278
1570691833 30333 405444 3278
1570759236 30353 405444 3278
1570760150 30354 405444 3278
1570774618 30365 405444 3278
1570780128 30374 405444 3278
1570783684 30384 405444 3278
1570784230 30391 405444 3278
1570784305 30391 405444 3278
1570798277 30391 405444 3278
1570843910 30398 405444 3278
1570863552 30419 405444 3278
1570863607 30419 405444 3278
1570876774 30452 405444 3278
1570877155 30456 405444 3278
1570879055 30456 405444 3278
1571018230 30464 405444 3278
1571037626 30470 405444 3278
1571050611 30472 405444 3278
1571105409 30478 405444 3278
1571132167 30479 405444 3278
1571132957 30600 405444 3278
1571196530 30602 405444 3278
1571215476 30658 405444 3278
1571215553 30706 405444 3278
1571277544 30714 405444 3278
1571302531 30740 405444 3278
1571391859 30764 405444 3278
1571729472 30765 405444 3278
1571824392 30772 405444 3278
1571912274 30789 405444 3278
1571913100 30799 405444 3278
1571913770 30809 405444 3278
1571916810 30817 405444 3278
1571988872 30822 405444 3278
1571992491 30836 405444 3278
1571996483 30873 405444 3278
1572000527 30877 405444 3278
1572231088 30878 405444 3278
1572245806 30883 405444 3278
1572250044 31070 405444 3278
1572313049 31182 405444 3278
1572313386 31319 405444 3278
1572316436 31328 405444 3278
1572318514 31332 405444 3278
1572330686 31343 405444 3278
1572333699 31455 405444 3278
1572339988 31621 405444 3278
1572341200 31627 405444 3278
1572341693 31629 405444 3278
1572342206 31630 405444 3278
1572343885 31643 405444 3278
1572344084 31644 405444 3278
1572347377 31665 405444 3278
1572348151 31677 405444 3278
1572349310 31683 405444 3278
1572406882 31686 405444 3278
1572407936 31689 405444 3278
1572426537 31710 405444 3278
1572427288 31715 405444 3278
1572427951 31717 405444 3278
1572493030 31735 405444 3278
1572507177 31736 405444 3278
1572507518 31754 405444 3278
1572514943 31757 405444 3278
1572574952 31766 405444 3278
1572579086 31768 405444 3278
1572579422 31771 405444 3278
1572579666 31772 405444 3278
1572579887 31773 405444 3278
1572594342 31811 405444 3278
1572603643 31826 405444 3278
1572604452 31838 405444 3278
1572604704 31842 405444 3278
1572834927 31847 405444 3278
1572835850 31851 405444 3278
1572837785 31857 405444 3278
1572848840 31859 405444 3278
1572851141 31860 405444 3278
1572851694 31861 405444 3278
1572858931 31882 405444 3278
1572865528 31893 405444 3278
1572925039 31903 405444 3278
1572938528 31903 405444 3278
1573179444 31918 405444 3278
1573197784 31935 405444 3278
1573459527 31945 405444 3278
1573540621 31947 405444 3278
1573543883 31952 405444 3278
1573611687 31952 405444 3278
1573633649 31972 405444 3278
1574128865 31973 405444 3278
1574145278 32138 405444 3278
1574150851 32152 405444 3278
1574154796 32154 405444 3278
1574166120 32237 405444 3278
1574166552 32241 405444 3278
1574307825 32362 405444 3278
1574319350 32378 405444 3278
1574389400 32386 405444 3278
1574394900 32395 405444 3278
1574395047 32396 405444 3278
1574407124 32397 405444 3278
1574410029 32405 405444 3278
1574478858 32568 405444 3278
1574479420 32580 405444 3278
1574497759 32677 405444 3278
1574500661 32678 405444 3278
1574510091 32690 405444 3278
1574645842 32707 405444 3278
1574646164 32708 405444 3278
1574647008 32709 405444 3278
1574651534 32717 405444 3278
1574767116 32842 405444 3278
1574846616 32842 405444 3278
1574856957 32931 405444 3278
1574857660 32931 405444 3278
1574858398 32931 405446 3278
1574858548 32931 405448 3278
1574858586 32931 405450 3278
1574905815 32934 405450 3278
1574912226 32938 405450 3278
1574992120 33093 405450 3278
1575013448 33335 405450 3278
1575013619 33435 405450 3278
1575014222 33436 405450 3278
1575022102 33494 405450 3278
1575023831 33513 405450 3278
1575256088 33565 405450 3278
1575275056 33852 405450 3278
1575343767 33904 405450 3278
1575359363 33952 405450 3278
1575361895 34004 405450 3278
1575362644 34005 405450 3278
1575365292 34015 405450 3278
1575366344 34019 405450 3278
1575367553 34088 405450 3278
1575370629 34092 405450 3278
1575376803 34095 405450 3278
1575424799 34096 405450 3278
1575427870 34187 405450 3278
1575430628 34188 405450 3278
1575442220 34198 405450 3278
1575443415 34204 405450 3278
1575443684 34205 405450 3278
1575444637 34211 405450 3278
1575445432 34212 405450 3278
1575445867 34213 405450 3278
1575455402 34276 405450 3278
1575458105 34291 405450 3278
1575458554 34294 405450 3278
1575459444 34311 405450 3278
1575460039 34316 405450 3278
1575464777 34332 405450 3278
1575465054 34335 405450 3278
1575469448 34356 405450 3278
1575475307 34359 405450 3278
1575478250 34360 405450 3278
1575528217 34383 405450 3278
1575531105 34384 405450 3278
1575536959 34386 405450 3278
1575546051 34470 405450 3278
1575547403 34496 405450 3278
1575549660 34501 405450 3278
1575557014 34510 405450 3278
1575595691 34522 405450 3278
1575597367 34576 405450 3278
1575616412 34706 405450 3278
1575621308 34711 405450 3278
1575621563 34712 405450 3278
1575862654 34723 405450 3278
1575881113 35296 405450 3278
1575886816 35316 405450 3278
1575887196 35330 405450 3278
1575949346 35433 405450 3278
1575961349 35437 405450 3278
1575972204 35458 405450 3278
1575975657 35465 405450 3278
1576057303 35604 405450 3278
1576058240 35609 405450 3278
1576134182 35616 405450 3278
1576137164 35621 405450 3278
1576138284 35623 405450 3278
1576147244 35633 405450 3278
1576229036 35633 405455 3278
1576465945 35634 405455 3278
1576495495 35818 405455 3278
1576496263 35867 405455 3278
1576496427 35869 405455 3278
1576499312 35869 405455 3278
1576554318 35966 405455 3278
1576554576 35969 405455 3278
1576565837 36020 405455 3278
1576633481 36055 405455 3278
1576652058 36068 405455 3278
1576661358 36082 405455 3278
1576664787 36127 405455 3278
1576727040 36133 405455 3278
1576738873 36149 405455 3278
1576837833 36308 405455 3278
1577099967 36310 405455 3278
1577173627 36586 405455 3278
1577243073 36661 405455 3278
1577246597 36755 405455 3278
1577262839 36789 405455 3278
1577342005 36843 405455 3278
1577344093 36847 405455 3278
1577362379 36850 405455 3278
1577773342 36857 405455 3278
1577773853 36860 405455 3278
1577779469 36862 405455 3278
1577787361 36869 405455 3278
1577790053 36870 405455 3278
1577790465 36871 405455 3278
1577953020 36964 405455 3278
1578019855 36977 405455 3278
1578035577 36994 405455 3278
1578036150 36995 405455 3278
1578291975 37045 405455 3278
1578300076 37047 405455 3278
1578300654 37080 405455 3278
1578362419 37131 405455 3278
1578367980 37178 405455 3278
1578368669 37179 405455 3278
1578368692 37187 405455 3278
1578380916 37197 405455 3278
1578390331 37220 405455 3278
1578390345 37225 405455 3278
1578396848 37236 405455 3278
1578399891 37238 405455 3278
1578403208 37244 405455 3278
1578446246 37245 405455 3278
1578451116 37246 405455 3278
1578452611 37257 405455 3278
1578453508 37257 405455 3278
1578555280 37351 405455 3278
1578555925 37355 405455 3278
1578651537 37358 405455 3278
1579080211 37369 405455 3278
1579141543 37373 405455 3278
1580218206 37375 405455 3278
1580218380 37377 405455 3278
1580374279 37381 405455 3278
1580374468 37386 405455 3278
1580377470 37387 405455 3278
1580384405 37395 405455 3278
1580384792 37396 405455 3278
1580385764 37401 405455 3278
1580798837 37430 405455 3278
1580903307 37431 405455 3278
1581085228 37504 405455 3278
1581087475 37506 405455 3278
1581170700 42573 405455 3278
1581174333 44872 405455 3278
1581174359 44873 405455 3278
1581316136 44874 405455 3278
1581321113 66336 405455 3278
1581408579 73963 405455 3278
1581423679 73982 405455 3278
1581424843 73996 405455 3278
1581426572 73996 405455 3278
1581508627 75179 405455 3278
1581513755 81894 405455 3278
1581513820 81901 405455 3278
1581515431 81903 405455 3278
1581516232 81907 405455 3278
1581518365 81908 405455 3278
1581679049 82754 405455 3278
1581925660 83590 405455 3278
1581939419 83597 405455 3278
1582034122 83628 405455 3278
1582122359 83749 405455 3278
1582175040 83849 405455 3278
1582186025 83871 405455 3278
1582201230 83877 405455 3278
1582210759 83882 405455 3278
1582532950 83886 405455 3278
1582774071 84020 405455 3278
1582968696 84035 405455 3278
1582975509 84039 405455 3278
1582976122 84040 405455 3278
1582988168 84042 405455 3278
1583041875 84046 405455 3278
1583207711 84047 405455 3278
1583209042 84048 405455 3278
1583209365 84049 405455 3278
1583219095 84050 405455 3278
1583220272 84051 405455 3278
1583253398 84080 405455 3278
1583376124 84090 405455 3278
1583377766 84118 405455 3278
1583994207 84125 405455 3278
1583994760 84125 405455 3278
1584427411 84125 405455 3278
1584606456 84126 405455 3278
1584606978 84777 405455 3278
1585208843 84780 405455 3278
1585654126 84866 405455 3278
1585910565 84888 405455 3278
1586332430 84910 405455 3278
1586948566 84912 405455 3278
1587547276 84921 405455 3278
1588044407 84921 405641 3278
1588071223 84921 405764 3278
1588072497 84921 406792 3278
1588073745 84939 406792 3278
1588075523 85993 406792 3278
1588998271 85997 406792 3278
1589438553 85997 406807 3278
1589790100 85997 406821 3278
1589856487 85997 406829 3278
1589973440 86127 406829 3278
1589973540 86130 406829 3278
1590389165 86154 406829 3278
1590475039 86190 406829 3278
1590484325 86224 406829 3278
1590566713 86227 406829 3278
1591177017 88828 406829 3278
1591177071 88828 406829 3278
1593332381 88828 406836 3278
1593420288 88828 406837 3278
1593434187 88828 407444 3278
1593483955 88828 408145 3278
1593490458 88828 411790 3278
1593490471 88828 411790 3278
1593498059 90231 411790 3278
1593572524 90282 411790 3278
1593601555 90347 411790 3278
1593603426 90347 411790 3278
1593603847 90468 411790 3278
1593604233 90468 411804 3278
1593604242 90469 411804 3278
1593604269 90469 411804 3278
1593604460 90469 411806 3278
1593604607 90469 411808 3278
1593604774 90469 412364 3278
1593604988 90469 412365 3278
1593605541 90469 412367 3278
1593605698 90469 412372 3278
1593605947 90469 412375 3278
1593656853 90470 412375 3278
1593656881 90470 412375 3278
1593678003 90481 412375 3278
1593679018 90495 412375 3278
1593686001 90508 412375 3278
1594276242 90511 412375 3278
1594609001 90513 412375 3278
1594708431 90540 412375 3278
1594708917 90596 412375 3278
1594819628 90849 412375 3278
1594867615 90855 412375 3278
1594894443 90880 412375 3278
1594969938 91005 412375 3278
1594981733 91023 412375 3278
1595576845 91233 412375 3278
1595577889 91234 412375 3278
1595821923 91240 412375 3278
1596017349 295151 412375 3278
1596017825 295151 412375 3278
1596106345 295921 412375 3278
1596166688 295924 412375 3278
1596191191 296746 412375 3278
1596539694 296748 412375 3278
1596619812 296814 412375 3278
1596789761 297995 412375 3278
1596789935 298001 412375 3278
1597051112 298592 412375 3278
1597645975 304595 412375 3278
1597646161 304613 412375 3278
1597658482 304613 412652 3278
1597658893 304613 412653 3278
1597659236 304618 412653 3278
1597659598 304618 412714 3278
1597659607 304618 412714 3278
1597662243 304915 412714 3278
1597663173 304940 412714 3278
1597663683 304941 412714 3278
1597669524 305053 412714 3278
1597819260 305136 412714 3278
1597820501 305136 412792 3278
1597821730 305136 412848 3278
1597821847 305136 412850 3278
1597822007 305136 412853 3278
1597833911 305136 413060 3278
1597834299 305152 413060 3278
1597890342 305826 413060 3278
1597890664 305827 413060 3278
1598174826 306281 413060 3278
1598235874 306283 413060 3278
1598354098 306331 413060 3278
1598444037 306579 413060 3278
1598445199 306579 413111 3278
1598947938 306592 413111 3278
1598953901 306595 413111 3278
1598956287 306597 413111 3278
1599052154 306627 413111 3278
1599101368 306633 413111 3278
1599101390 306795 413111 3278
1599101642 306796 413111 3278
1599104077 306796 413111 3278
1599106736 306915 413111 3278
1599107017 307042 413111 3278
1599124279 307042 413111 3278
1599189064 307045 413111 3278
1599189423 307049 413111 3278
1599192498 307051 413111 3278
1599213729 307052 413111 3278
1599453455 307580 413111 3278
1599469043 307769 413111 3278
1599474669 308191 413111 3278
1599533414 308198 413111 3278
1599565130 308350 413111 3278
1599567703 308360 413111 3278
1599634539 308361 413111 3278
1599634718 308364 413111 3278
1599727611 309105 413111 3278
1599736980 309107 413111 3278
1599737445 309117 413111 3278
1599789383 309128 413111 3278
1599805164 309146 413111 3278
1599821773 309300 413111 3278
1600069703 309320 413111 3278
1600070359 309320 413111 3278
1600159576 309329 413111 3278
1600230196 309356 413111 3278
1600230249 309360 413111 3278
1600316517 309365 413111 3278
1600331893 309365 413554 3278
1600332537 309376 413554 3278
1600332617 309376 413554 3278
1600345153 309376 413554 3278
1600416266 309611 413554 3278
1600416739 309611 416056 3278
1600416748 309611 416056 3278
1600417208 309611 416229 3278
1600417452 309611 416238 3278
1600694946 309611 416250 3278
1600741002 309625 416250 3278
1600743183 309627 416250 3278
1600745365 309696 416250 3278
1600755624 309915 416250 3278
1600760864 309915 416250 3278
1600762872 310104 416250 3278
1600764712 310104 416845 3278
1600764720 310104 416845 3278
1600764947 310104 416848 3278
1600765736 310104 416894 3278
1600765754 310104 416896 3278
1600768141 310104 416899 3278
1600826177 310105 416899 3278
1600826205 310105 416899 3278
1600826691 310105 416912 3278
1600826700 310105 416912 3278
1600832407 310105 417104 3278
1600832442 310105 417105 3278
1600842639 310107 417105 3278
1600842957 310108 417105 3278
1600850221 310108 417110 3278
1600850229 310108 417110 3278
1600850390 310108 417111 3278
1600943237 310109 417111 3278
1600943270 310109 417111 3278
1600998443 310109 417124 3278
1600998453 310109 417124 3278
1601006483 310125 417124 3278
1601006491 310125 417124 3278
1601274991 310125 417726 3278
1601275001 310125 417726 3278
1601286899 310125 417726 3278
1602208061 310125 417730 3278
1602208072 310125 417730 3278
1602829627 310183 417730 3278
1602829640 310183 417730 3278
1603765748 310247 417730 3278
1603779576 310247 417814 3278
1603794507 310279 417814 3278
1603877864 310279 417867 3278
1604041307 310402 417867 3278
1604041450 310402 417867 3278
1604328445 310402 417953 3278
1604392620 310404 417953 3278
1604569130 310406 417953 3278
1605095294 310893 417953 3278
1605239338 310903 417953 3278
1605241270 310905 417953 3278
1606059529 310905 417953 3278
1606060624 310905 417987 3278
1606060810 310905 417987 3278
1606095764 310905 417987 3278
1606372158 310905 418041 3278
1606380136 311407 418041 3278
1606380192 311407 418041 3278
1606472082 311412 418041 3278
1606703864 311412 418086 3278
1606703874 311412 418086 3278
1606747920 311412 418317 3278
1606802806 311412 418417 3278
1606810002 311414 418417 3278
1606810033 311414 418417 3278
1606820549 311414 418418 3278
1606878335 311414 418502 3278
1607309212 311414 418552 3278
1607339524 311419 418552 3278
1607339532 311419 418552 3278
1607570861 311419 419390 3278
1607585843 311510 419390 3278
1609402408 311530 419390 3278
1611202354 312033 419390 3278
1611284839 312175 419390 3278
1611296665 312287 419390 3278
1612422583 312298 419390 3278
1612422801 312302 419390 3278
1615197748 312376 419390 3278
1615205216 312381 419390 3278
1615518153 312397 419390 3278
1615528844 312397 419390 3278
1617262896 312460 419390 3278
1619599298 312506 419390 3278
1628243667 312513 419390 3278
1628243764 312514 419390 3278
1629965123 312525 419390 3278
1635306570 312557 419390 3278
1635413724 312562 419390 3278
1637222047 312805 419390 3278
1637742526 312806 419390 3278
1638174392 312818 419390 3278
1638256610 312856 419390 3278
1638327956 312857 419390 3278
1638352331 312859 419390 3278
1638526673 312859 419399 3278
1640054360 312890 419399 3278
1649406589 312891 419399 3278
1649758608 312956 419399 3278
1649822827 313373 419399 3278
1649992990 313388 419399 3278
1652767431 313553 419399 3278
1656490857 313578 419399 3278
1658990130 313587 419399 3278
1660189752 313600 419399 3278
1680509426 313601 419399 3278
1688027642 313710 419399 3278
1691045384 313717 419399 3278
