1540473934 32229
1540476914 31754
1540477243 31695
1540564862 31687
1540564878 31688
1540564895 31689
1540566197 31712
1540776785 31712
1540785267 31705
1540802578 22627
1540803775 22885
1540804018 22886
1540804629 22846
1540804736 22846
1540804788 22846
1540809356 22847
1540881503 22827
1540881995 22716
1540949069 22722
1540953826 22722
1540984513 22722
1541327061 22724
1541327107 22715
1541416620 31258
1541416705 31253
1541475012 31522
1541495174 33323
1541495183 33345
1541502125 33245
1541649733 28207
1541649949 28203
1541650142 28209
1541660637 28246
1541661053 28246
1541662001 28254
1541662638 28261
1541666735 28344
1541667374 28353
1541671285 28356
1541671293 28386
1542021597 28356
1542021606 28358
1542160947 28359
1542160958 28380
1542161188 28380
1542176612 28383
1542177012 28384
1542179720 28384
1542180506 28402
1542180529 28402
1542186419 28406
1542186427 28441
1542187384 28443
1542187936 28441
1542188190 28445
1542189974 28446
1542249606 28527
1542249825 28535
1542250177 28540
1542254056 28546
1542265397 28554
1542269694 28554
1542277729 28563
1542286292 28588
1542286302 28588
1542361162 28610
1542361168 28610
1542363587 28615
1542618656 28627
1542718306 29104
1542786305 29085
1542806063 29137
1542806189 29139
1542806293 29139
1542806393 29139
1542806542 29139
1542807083 29139
1542807142 29139
1542807550 29168
1542810663 29089
1542810790 29309
1542851165 29313
1542852352 29313
1542852573 29424
1542852699 29372
1542852754 29366
1542852782 29365
1542861655 29386
1542863325 29397
1542891919 29386
1542944657 29465
1542944827 29465
1542944973 29465
1542945345 29464
1543478481 29464
1543478803 29432
1543478891 29432
1543484353 29436
1543505180 29437
1543548872 29439
1543827025 29453
1543848033 29542
1543848231 29542
1543913723 29550
1543998790 29685
1544067135 29739
1544067469 29741
1544067854 29741
1544068052 29742
1544070217 30136
1544070358 30138
1544070644 30138
1544076169 30139
1544105790 30146
1544109752 30151
1544109775 30151
1544150214 30154
1544432402 30248
1544454418 30742
1544454445 30741
1544456703 30742
1544493942 30747
1544513436 30771
1545722751 30749
1545835378 30793
1546077847 30770
1546961653 30771
1547092306 30773
1547103201 30800
1547119129 30916
1547203753 30915
1548059709 30918
1548295921 31005
1550658274 31013
1551846937 31073
1551865505 31075
1551868363 31047
1552402854 31337
1552403218 31348
1552550257 31465
1552564627 31527
1552564694 31528
1552640439 31565
1552640461 31769
1552641938 31822
1552642277 31822
1552722208 31834
1552732512 31865
1552744193 31999
1552873254 32012
1552902206 31993
1552903694 31994
1552904959 31994
1552911937 31994
1552914874 32486
1552914992 32655
1552915068 32656
1552966083 32718
1552984714 32755
1552993035 32757
1553009696 32764
1553009703 32554
1553050591 32573
1553050597 32583
1553052618 32584
1553063609 32642
1553063722 32647
1553064246 33127
1553065232 33129
1553067347 33124
1553067353 33243
1553067418 33243
1553067491 33243
1553073064 33315
1553073370 33315
1553087409 33408
1553087425 33445
1553088220 33463
1553089748 33464
1553093175 33644
1553098481 33645
1553098788 33647
1553099009 33648
1553099234 33645
1553099358 33645
1553099659 33659
1553099736 33659
1553100170 33668
1553100322 33671
1553100438 33673
1553100940 33668
1553102561 33689
1553102610 33687
1553102702 33687
1553102834 33687
1553103022 33687
1553148565 33748
1553150885 34256
1553150892 34277
1553151322 34277
1553151588 34283
1553151731 34283
1553155185 34261
1553155325 34265
1553155565 34265
1553155957 34267
1553156488 34267
1553158172 34276
1553163026 34286
1553163032 34497
1553168795 34504
1553169352 34504
1553170102 34516
1553170139 34516
1553216552 34514
1553216565 34724
1553218571 34726
1553224981 34782
1553225447 34787
1553225477 34787
1553225504 34788
1553226925 34807
1553231898 34805
1553233048 34822
1553246123 35322
1553307692 35375
1553307698 35465
1553307890 35465
1553309508 35481
1553309654 35481
1553310145 35481
1553310161 35489
1553310798 35541
1553310823 35541
1553311178 35556
1553311573 35557
1553311588 35559
1553312799 35559
1553314552 35590
1553316294 35591
1553317684 35591
1553325158 35694
1553325229 35694
1553325620 35696
1553325939 35696
1553326484 35694
1553329602 35693
1553331601 35701
1553334054 35714
1553334715 35720
1553335098 35740
1553335165 35740
1553336276 35739
1553336462 35738
1553337057 35738
1553415996 35738
1553423233 35750
1553504796 35797
1553504839 35797
1553517271 35819
1553580257 35930
1553597250 35950
1553598798 35951
1553599049 35951
1553603599 35948
1553654165 35948
1553655591 35978
1553655830 35976
1553655935 35973
1553777896 35973
1553778003 35973
1553778109 35973
1553863217 36152
1554109520 36152
1554272851 36153
1554273754 36172
1554274872 36171
1554276586 36186
1554693151 36192
1554696519 36273
1554708077 36268
1554708302 36267
1554708716 36273
1554708849 36275
1554712307 36305
1554712344 36305
1554713128 36313
1554719873 36316
1554721156 36316
1554721229 36316
1554735660 36321
1554774310 36327
1554782679 36340
1554792211 36341
1554879225 36342
1554879926 36342
1554883526 36342
1555386123 36406
1555470307 36415
1555551558 36781
1555570955 36814
1555585431 36872
1555588398 36882
1555588599 36882
1555640954 36931
1555648523 37203
1555649158 37203
1555654408 37203
1555673166 37207
1555673869 37216
1555674339 37216
1555676592 37219
1555934322 37226
1556000161 37226
1556007322 37234
1556009780 37229
1556009916 37229
1556010088 37233
1556010719 37298
1556011042 37318
1556011120 37319
1556011160 37319
1556011252 37320
1556011352 37323
1556011416 37323
1556011914 37325
1556091886 37708
1556095550 37719
1556096988 37725
1556159222 37731
1556160322 37737
1556168041 38243
1556169016 38267
1556176637 38272
1556180871 38273
1556193692 38366
1556420794 38447
1556422900 38466
1556424203 38476
1556437281 38476
1556448558 38476
1556449016 38476
1556449968 38532
1556465983 38537
1557075780 38535
1557111293 38667
1557127208 39918
1557193689 39671
1557219065 39655
1557222693 39717
1557315602 39780
1557316162 39783
1557316696 39803
1557375019 39863
1557383358 39871
1557401187 39918
1557492618 39918
1557492627 40291
1557493449 40293
1557642105 40333
1557643461 40348
1557727665 40391
1557730461 40391
1557730518 40391
1557740823 40320
1557741013 40320
1557759886 40322
1557760770 40325
1557762438 40336
1557762849 40336
1557764386 40367
1557905592 41374
1557905907 41385
1557990278 41466
1557990296 41610
1557991012 41623
1558006510 41551
1558006543 41572
1558061279 41572
1558083178 41745
1558083218 41648
1558336313 41640
1558336378 41750
1558415271 41790
1558440558 41787
1558440570 41789
1558538704 41917
1558538711 42000
1558539739 42036
1558540500 42025
1558540706 42025
1558540863 42028
1558577195 42028
1558577202 42124
1558578883 42133
1558584177 42129
1558584472 42128
1558594247 42147
1558594428 42149
1558597487 42226
1558597494 42226
1558601953 42291
1558605404 42291
1558609652 42291
1558609659 42342
1558611847 42342
1558623264 42337
1558625281 42338
1558661420 42338
1558681676 42361
1558682105 42349
1558688227 42402
1558920534 42450
1558920885 42550
1558921800 42591
1558946200 42593
1558948821 42593
1558955806 42590
1559113365 42661
1559118401 42661
1559216266 42916
1559229490 43007
1559283520 42972
1559285156 42972
1559290601 42993
1559290621 42792
1559292767 42795
1559294403 42810
1559297673 42811
1559613360 42811
1559613391 42814
1559647194 42792
1559647236 42823
1559653143 42822
1559654919 42812
1559697564 42906
1559697712 42924
1559699307 42924
1559715625 42973
1559742207 43208
1559742300 43210
1559787437 43231
1559788451 43241
1559791497 43236
1559801786 43242
1560140141 43395
1560140173 43494
1560158581 43494
1560165114 43415
1560167732 43415
1560175916 43415
1560175931 43336
1560179925 43336
1560223782 43348
1560234975 43359
1560235687 43364
1560236858 43365
1560240133 43378
1560245164 43379
1560255224 43468
1560256436 43468
1560304361 43488
1560311208 43536
1560326004 43679
1560326078 43688
1560334867 43731
1560344722 43881
1560345150 43914
1560395056 43927
1560406456 43992
1560409408 44042
1560415216 44107
1560415310 44153
1560415520 44159
1560416665 44189
1560420240 44189
1560420273 44189
1560426161 44253
1560433489 44268
1560476385 44268
1560476716 44280
1560482847 44323
1560506487 44359
1560513643 44361
1560735758 44361
1560767669 44378
1560769109 44378
1560778246 44371
1560778253 44416
1560780456 44421
1560780531 44427
1560780616 44427
1560849834 44427
1560849871 44423
1560851317 44432
1560852276 44436
1560855571 44445
1560929668 44469
1560933762 44483
1560938216 44487
1560939560 44501
1560952975 44559
1560953252 44566
1560954355 44569
1561106910 45330
1561107788 45334
1561109206 45335
1561110095 45332
1561110526 45328
1561110544 45328
1561110667 45329
1561343301 45354
1561362167 45352
1561447021 45347
1561447049 44596
1561542223 44611
1561551070 44615
1561552308 44618
1561561000 44719
1561561363 44722
1561561943 44735
1561564580 44729
1561564718 44728
1561565950 44728
1561624494 44743
1561624642 44735
1561624739 44742
1561644543 44643
1561644551 44691
1561645867 44701
1561645884 44570
1561647000 44570
1561648089 44570
1561648792 44583
1561648928 44583
1561687290 44583
1561691114 44584
1561692961 44613
1561693403 44613
1561704134 44615
1561716325 44618
1561977128 44745
1561977164 44732
1561978671 44777
1561978867 44777
1562066573 44856
1562213364 44907
1562213371 45026
1562239314 45140
1562239322 45484
1562290941 45484
1562416953 45575
1562416963 45590
1562418989 45618
1562419256 45618
1562423673 45624
1562557939 45624
1562638951 45738
1562748332 376502
1562748341 376927
1562750437 376935
1562755784 376971
1562755889 376973
1562812402 376961
1562814272 376963
1562826190 377131
1562830980 377131
1562831000 377133
1562831814 377149
1562832092 377158
1562833221 377158
1562849060 377065
1562849452 377150
1563025823 377149
1563025882 377434
1563159822 377455
1563162285 377317
1563182466 377410
1563183577 377410
1563263911 377599
1563273970 377620
1563274871 377628
1563275672 377628
1563328921 377635
1563335855 377638
1563355641 377694
1563363280 377733
1563415462 377305
1563419949 377378
1563438774 377434
1563442179 377478
1563446269 377494
1563446281 377591
1563447556 377604
1563448034 377606
1563450546 377606
1563451860 377601
1563524424 377605
1563780496 377702
1563781269 377672
1563868748 378022
1563869799 378024
1563871210 378028
1563874339 378087
1563936628 378089
1563948693 378097
1563952483 378097
1563959354 378095
1564022089 378197
1564022920 378199
1564023662 378198
1564046986 378215
1564113640 378226
1564129955 378248
1564132948 378253
1564135207 378272
1564137180 378272
1564386882 378591
1564451343 378623
1564481263 378623
1564561856 379401
1564567982 379410
1564570994 379423
1564643325 379428
1564656591 379428
1564730566 379428
1565073853 379434
1565147859 379386
1565166553 379396
1565233865 379416
1565233874 379416
1565245052 379456
1565252587 379534
1565253378 379540
1565254166 379557
1565254326 379559
1565255546 379564
1565257257 379575
1565267621 379609
1565361676 379629
1565666813 379717
1565684544 379910
1565693283 380051
1565783390 380355
1565839884 380356
1565861137 380401
1565925537 380494
1565946917 380502
1565953557 380502
1565954558 380503
1566179799 380550
1566287917 380559
1566287931 380671
1566288175 380671
1566351676 380696
1566352803 380696
1566373221 380707
1566383451 380741
1566386421 380748
1566466188 380759
1566544108 380764
1566548270 380765
1566554249 380785
1566558212 380795
1566558255 380814
1566802791 380855
1566875231 380956
1566875244 380979
1566889884 380979
1566890885 380829
1566897494 380831
1566906357 381297
1566973838 380831
1566994893 381301
1566996825 381325
1567044190 381324
1567049312 381937
1567070673 381937
1567079214 382018
1567152369 382107
1567387849 382105
1567405486 382119
1567411148 382276
1567429443 382283
1567476357 382285
1567493498 382271
1567498579 382281
1567499442 382281
1567500955 382283
1567518108 382259
1567518337 382723
1567521182 382751
1567521190 382751
1567521522 382745
1567522047 382744
1567523994 382764
1567564409 382764
1567565348 382764
1567569729 382773
1567580566 382801
1567580573 382814
1567586367 382798
1567586588 382798
1567598112 382828
1567653969 382829
1567674475 382830
1567674638 382831
1567681105 382891
1567683899 382908
1567684625 382908
1567689078 383449
1567690302 383506
1568820597 384488
1568857895 384471
1569722122 384494
1570617825 384635
1570798277 384917
1572938528 385338
1573611687 385359
1574846616 385287
1574857660 385373
1574858398 385373
1574858548 385373
1574858586 385373
1574905815 385373
1574912226 385373
1574992120 385339
1575013448 385529
1575013619 385629
1575014222 385629
1575022102 385665
1575023831 385665
1575256088 385695
1575275056 385955
1575343767 385977
1575359363 385987
1575361895 385968
1575362644 385968
1575365292 385975
1575366344 385974
1575367553 385986
1575370629 385989
1575376803 385990
1575424799 385990
1575427870 386076
1575430628 386076
1575442220 386084
1575443415 386083
1575443684 386082
1575444637 386084
1575445432 386084
1575445867 386085
1575455402 385968
1575458105 385982
1575458554 385983
1575459444 385999
1575460039 386002
1575464777 386008
1575465054 386002
1575469448 385991
1575475307 385992
1575478250 385992
1575528217 385997
1575531105 385997
1575536959 385998
1575546051 386082
1575547403 386090
1575549660 386086
1575557014 386094
1575595691 386096
1575597367 386103
1575616412 386166
1575621308 386165
1575621563 386165
1575862654 386160
1575881113 386646
1575886816 386662
1575887196 386668
1575949346 386769
1575961349 386769
1575972204 386787
1575975657 386792
1576057303 386870
1576058240 386873
1576134182 386878
1576137164 386878
1576138284 386878
1576147244 386882
1576229036 386884
1576465945 386884
1576495495 387015
1576496263 387064
1576496427 387066
1576499312 387063
1576554318 387145
1576554576 387148
1576565837 387183
1576633481 387200
1576652058 387208
1576661358 387214
1576664787 387255
1576727040 387255
1576738873 387258
1576837833 387375
1577099967 387376
1577173627 387395
1577243073 387388
1577246597 387391
1577262839 387405
1577342005 387433
1577344093 387432
1577362379 387433
1577773342 387437
1577773853 387437
1577779469 387439
1577787361 387437
1577790053 387436
1577790465 387436
1577953020 387466
1578019855 387475
1578035577 387475
1578036150 387475
1578291975 387524
1578300076 387526
1578300654 387554
1578362419 387438
1578367980 387461
1578368669 387461
1578368692 387461
1578380916 387464
1578390331 387484
1578390345 387483
1578396848 387489
1578399891 387491
1578403208 387495
1578446246 387493
1578451116 387493
1578452611 387438
1578453508 387434
1578555280 387385
1578555925 387386
1578651537 387388
1579080211 387395
1579141543 387395
1580218206 387397
1580218380 387395
1580374279 387398
1580374468 387400
1580377470 387395
1580384405 387399
1580384792 387400
1580385764 387398
1580798837 387421
1580903307 387421
1581085228 387430
1581087475 387431
1581170700 391604
1581174333 393903
1581174359 393903
1581316136 393903
1581321113 415353
1581408579 414795
1581423679 414801
1581424843 414797
1581426572 414794
1581508627 396563
1581513755 401695
1581513820 401695
1581515431 401692
1581516232 401691
1581518365 401691
1581679049 400516
1581925660 401351
1581939419 401351
1582034122 401379
1582122359 401497
1582175040 401527
1582186025 401548
1582201230 401551
1582210759 401555
1582532950 401556
1582774071 401675
1582968696 401671
1582975509 401671
1582976122 401671
1582988168 401671
1583041875 401675
1583207711 401675
1583209042 401675
1583209365 401675
1583219095 401675
1583220272 401675
1583253398 401681
1583376124 401663
1583377766 401689
1583994207 401689
1583994760 401687
1584427411 401683
1584606456 401683
1584606978 402230
1585208843 402214
1585654126 402300
1585910565 402322
1586332430 402343
1586948566 402343
1587547276 402330
1588044407 402446
1588071223 402464
1588072497 403026
1588073745 403030
1588075523 403060
1588998271 403056
1589438553 390788
1589973440 390812
1589973540 390814
1590389165 390790
1590475039 390681
1590484325 390690
1590566713 390692
1591177017 390576
1591177071 390576
1593332381 390071
1593420288 390071
1593498059 389382
1593572524 389377
1593601555 389411
1593603847 389494
1593604242 389489
1593604269 389458
1593604460 389459
1593604607 389461
1593604774 390017
1593604988 390018
1593605541 389464
1593605698 389465
1593656853 389465
1593656881 389465
1593678003 389468
1593679018 389481
1593686001 389488
1594276242 389490
1594609001 389490
1594708431 389442
1594708917 389498
1594819628 389588
1594867615 389591
1594894443 389616
1594969938 389734
1594981733 389734
1595576845 389924
1595577889 389924
1595821923 389929
1596017349 591939
1596017825 591932
1596106345 591670
1596166688 591672
1596191191 591186
1596539694 591188
1596619812 591244
1596789761 592352
1596789935 592352
1597051112 592823
1597645975 597821
1597646161 597821
1597658482 597962
1597658893 597962
1597659598 597962
1597659607 597962
1597662243 598102
1597663173 598123
1597663683 598123
1597669524 598143
1597819260 598154
1597820501 598160
1597821730 598216
1597821847 598217
1597822007 598217
1597833911 598278
1597834299 598249
1597890342 598605
1597890664 598605
1598174826 598683
1598235874 598683
1598354098 598689
1598444037 594111
1598445199 594055
1598947938 594056
1598953901 594056
1598956287 594045
1599052154 594046
1599101368 594052
1599101390 594044
1599101642 594044
1599104077 594043
1599106736 594162
1599107017 594171
1599124279 594046
1599189064 594047
1599189423 594049
1599192498 594049
1599213729 594049
1599453455 594187
1599469043 594118
1599474669 594415
1599533414 594400
1599565130 397250
1599567703 397257
1599634539 397256
1599634718 397256
1599727611 397910
1599736980 397911
1599737445 397911
1599789383 397921
1599805164 397930
1599821773 398014
1600069703 397707
1600070359 397699
1600159576 397699
1600230196 397718
1600230249 397719
1600316517 397718
1600332537 397725
1600332617 397939
1600345153 397937
1600416739 400439
1600416748 400442
1600417208 388156
1600417452 388161
1600694946 388173
1600760864 387903
1600764712 388075
1600764720 388099
1600764947 388100
1600765736 388146
1600765754 388148
1600768141 388148
1600826691 388153
1600826700 388153
1600832407 388214
1600832442 388214
1600850221 388216
1600850229 388216
1600850390 388216
1600998443 388224
1600998453 387534
1601274991 388076
1601275001 388076
1601286899 385615
1602829627 385655
1602829640 385631
1603765748 385674
1603779576 385742
1603794507 385772
1604041307 385844
1604041450 385895
1604328445 385966
1604392620 385968
1604569130 385970
1605095294 386251
1605239338 386254
1605241270 386255
1606059529 386209
1606060624 386232
1606060810 386227
1606095764 386224
1606380136 386725
1606380192 386765
1606472082 386765
1606810002 386767
1606810033 386965
1607339524 386966
1607339532 387061
1607570861 387834
1607585843 387700
1609402408 387714
1611202354 387540
1611284839 387544
1611296665 387524
1612422583 386861
1612422801 386864
1615197748 386915
1615205216 386917
1615518153 386924
1615528844 386922
1617262896 386964
1619599298 387003
1628243667 386992
1628243764 386992
1629965123 386997
1635306570 387025
1635413724 387027
1637222047 387126
1637742526 387126
1638174392 387128
1638256610 387164
1638327956 387164
1638352331 387164
1638526673 387165
1640054360 387194
1649406589 387194
1649758608 387180
1649822827 387445
1649992990 387442
1652767431 387351
1656490857 387360
1658990130 387363
1660189752 387375
1680509426 387375
1688027642 387454
1691045384 387459
