1627962328 1
1628047357 2
1628146304 3
1628153888 4
1628158718 5
1628239635 6
1628494246 7
1628559048 8
1628580894 9
1628581826 10
1628583194 11
1628584851 12
1628585117 13
1628587185 14
1628647507 15
1628649930 16
1628663706 17
1628674881 18
1628736571 19
1628738944 20
1628748838 21
1628763261 22
1628841965 23
1628844281 24
1629013426 25
1629013788 26
1629014027 27
1629014297 28
1629014934 29
1629015189 30
1629015360 31
1629015775 32
1629016057 33
1629016303 34
1629022483 35
1629022835 36
1629023016 37
1629023154 38
1629023206 39
1629025526 40
1629182716 41
1629182916 42
1629184492 43
1629188163 44
1629196737 45
1629197689 46
1629253389 47
1629257501 48
1629258014 49
1629272487 50
1629272791 51
1629273257 52
1629273422 53
1629278554 54
1629278781 55
1629278890 56
1629280391 57
1629281181 58
1629281493 59
1629337428 60
1629360932 61
1629360963 62
1629362063 63
1629362695 64
1629363217 65
1629365822 66
1629366215 67
1629367285 68
1629438285 69
1629683634 70
1629775179 71
1629965046 72
1631065491 73
1631091366 74
1631091890 75
1631175537 76
1631239442 77
1631240627 78
1631241818 79
1631243635 80
1631245559 81
1631245648 82
1631251913 83
1631253785 84
1631258453 85
1631674603 86
1632885525 87
1632885556 88
1634031668 89
1634031690 90
1634031960 91
1634032096 92
1634032144 93
1634033012 94
1634089433 95
1634180892 96
1634182463 97
1634540562 98
1634805800 99
1635306509 100
1635413655 101
1637222831 102
1638174468 103
1638256693 104
1638352366 105
1638777740 106
1640054443 107
1640054454 108
1644821200 109
1644888371 110
1644991532 111
1645013489 112
1645070295 113
1645082373 114
1649406491 115
1649758450 116
1649822715 117
1649845582 118
1649845887 119
1649992905 120
1650335735 121
1650363924 122
1650419311 123
1652413084 124
1654155422 125
1654156555 126
1656490939 127
1658990159 128
1658990303 129
1660189797 130
1660189806 131
1680509294 132
1680509528 133
1689313381 134
1689313415 135
1689316898 136
1691045318 137
1715061779 138
1715073941 139
1715074702 140
