1627962328 7269
1628047357 7452
1628146304 8182
1628153888 8184
1628158718 8185
1628239635 8190
1628494246 9079
1628559048 9107
1628580894 9267
1628581826 9267
1628583194 9367
1628584851 9493
1628585117 9506
1628587185 9603
1628647507 9624
1628649930 9680
1628663706 9711
1628674881 9765
1628736571 9770
1628738944 9809
1628748838 9815
1628763261 10064
1628841965 10178
1628844281 10179
1629013426 10549
1629013788 10696
1629014027 10843
1629014297 10843
1629014934 11300
1629015189 11302
1629015360 11327
1629015775 11349
1629016057 11359
1629016303 11362
1629022483 11382
1629022835 11384
1629023016 11385
1629023154 11390
1629023206 11393
1629025526 11412
1629182716 11554
1629182916 11559
1629184492 11571
1629188163 11577
1629196737 11634
1629197689 11643
1629253389 11651
1629257501 11676
1629258014 11690
1629272487 11691
1629272791 11696
1629273257 11705
1629273422 11707
1629278554 11767
1629278781 11769
1629278890 11769
1629280391 11778
1629281181 11779
1629281493 11780
1629337428 11792
1629360932 11952
1629360963 11952
1629362063 12006
1629362695 12023
1629363217 12025
1629365822 12034
1629366215 12039
1629367285 12049
1629438285 12052
1629683634 12053
1629775179 12058
1629965046 12069
1631065491 12134
1631091366 12532
1631091890 12548
1631175537 12653
1631239442 12693
1631240627 12698
1631241818 12701
1631243635 12708
1631245559 12709
1631245648 12712
1631251913 12713
1631253785 12717
1631258453 12727
1631674603 12733
1632885525 13166
1632885556 13166
1634031668 13169
1634031690 13169
1634031960 13171
1634032096 13172
1634032144 13173
1634033012 13199
1634089433 13234
1634180892 13239
1634182463 13240
1634540562 13240
1634805800 13241
1635306509 13273
1635413655 13278
1637222831 13521
1638174468 13533
1638256693 13571
1638352366 13573
1638777740 13582
1640054443 13613
1640054454 13613
1644821200 13811
1644888371 13811
1644991532 13936
1645013489 13937
1645070295 14148
1645082373 14153
1649406491 14154
1649758450 14219
1649822715 14636
1649845582 14640
1649845887 14644
1649992905 14659
1650335735 14666
1650363924 14853
1650419311 14895
1652413084 14897
1654155422 14898
1654156555 14899
1656490939 14904
1658990159 14913
1658990303 14913
1660189797 14926
1660189806 14926
1680509294 14927
1680509528 14927
1689313381 14935
1689313415 14935
1689316898 14935
1691045318 14942
1715061779 14943
1715073941 14944
1715074702 14954
