1627962328 7269
1628047357 7450
1628146304 5052
1628153888 5053
1628158718 5051
1628239635 5041
1628494246 5892
1628559048 5892
1628580894 6011
1628581826 5810
1628583194 5901
1628584851 5992
1628585117 5996
1628587185 6013
1628647507 6034
1628649930 6046
1628663706 6056
1628674881 6074
1628736571 6074
1628738944 6100
1628748838 6103
1628763261 6330
1628841965 6408
1628844281 6408
1629013426 6631
1629014027 6408
1629014297 6408
1629014934 6697
1629015189 6697
1629015360 6630
1629015775 6643
1629016057 6630
1629016303 6630
1629022483 6642
1629022835 6642
1629023016 6642
1629023154 6646
1629023206 6646
1629025526 6665
1629182716 6737
1629182916 6739
1629184492 6747
1629188163 6749
1629196737 6784
1629197689 6779
1629253389 6779
1629257501 6783
1629258014 6791
1629272487 6791
1629272791 6791
1629273257 6796
1629273422 6796
1629278554 6846
1629278781 6830
1629278890 6821
1629280391 6828
1629281181 6828
1629281493 6828
1629337428 6840
1629360932 6966
1629360963 6966
1629362063 7017
1629362695 7025
1629363217 7025
1629365822 7026
1629366215 7021
1629367285 7021
1629438285 7019
1629683634 7017
1629775179 7019
1629965046 7024
1631065491 7031
1631091366 7217
1631091890 7233
1631175537 7243
1631239442 7283
1631240627 7285
1631241818 7285
1631243635 7285
1631245559 7285
1631245648 7285
1631251913 7285
1631253785 7285
1631258453 7285
1631674603 7290
1632885525 7692
1632885556 7798
1634031668 7797
1634031690 8189
1634031960 8191
1634032096 8191
1634032144 8191
1634033012 8197
1634089433 8206
1634180892 8210
1634182463 8210
1634540562 8210
1634805800 8209
1635306509 8237
1635413655 8239
1637222831 8167
1638174468 8169
1638256693 8205
1638352366 8205
1638777740 8206
1640054443 8235
1640054454 8345
1644821200 8532
1644888371 8529
1644991532 8115
1645013489 8078
1645070295 8177
1645082373 8181
1649406491 8181
1649758450 8167
1649822715 8432
1649845582 8435
1649845887 8437
1649992905 8434
1650335735 8441
1680509294 8440
1680509528 8480
1715061779 8477
1715073941 8477
1715074702 8471
