1585654159 1
1585910730 2
1586226667 3
1586258553 4
1586330212 5
1586336053 6
1586338295 7
1586487908 8
1586491676 9
1586513918 10
1586771341 11
1586831931 12
1586835215 13
1586846610 14
1586846893 15
1586846991 16
1586950641 17
1587521290 18
1587552662 19
1588075451 20
1588824467 21
1588839078 22
1588839290 23
1589179052 24
1589857370 25
1589858142 26
1589859905 27
1589871892 28
1589973395 29
1591177346 30
1591179079 31
1591675198 32
1591861568 33
1592553401 34
1594034956 35
1594178788 36
1594206861 37
1594346971 38
1594346979 39
1594352899 40
1594355128 41
1594373565 42
1594710506 43
1594711340 44
1594716928 45
1594719712 46
1594723511 47
1595316075 48
1595317947 49
1595319793 50
1595331246 51
1596106312 52
1596688151 53
1596695245 54
1596695368 55
1596695736 56
1596696276 57
1596700587 58
1596700800 59
1597126737 60
1597285618 61
1597660696 62
1597662284 63
1597670067 64
1598175304 65
1598259793 66
1598259888 67
1598942882 68
1598943901 69
1598944199 70
1598945099 71
1598945827 72
1598946925 73
1598948145 74
1598960120 75
1598960386 76
1598960668 77
1598961681 78
1598963522 79
1598965048 80
1598965559 81
1599016922 82
1599017510 83
1599018043 84
1599018302 85
1599018489 86
1599018738 87
1599019081 88
1599019153 89
1599019210 90
1599028530 91
1599124264 92
1599453357 93
1599474751 94
1599797609 95
1599797980 96
1599798363 97
1599804718 98
1599804876 99
1599806488 100
1599806664 101
1600399271 102
1600842996 103
1601006423 104
1602213895 105
1603248599 106
1603249517 107
1603249669 108
1603253311 109
1603253551 110
1603254937 111
1604384877 112
1604455515 113
1604456414 114
1605097203 115
1605097287 116
1606467710 117
1606467820 118
1607339470 119
1607583664 120
1607584951 121
1607585797 122
1609402354 123
1611202342 124
1611284760 125
1611296628 126
1615197732 127
1615201530 128
1615204686 129
1615205205 130
1615518137 131
1615528831 132
1617262879 133
1618565119 134
1619168995 135
1619599283 136
1627636644 137
1628243602 138
1629965064 139
1635306521 140
1635321397 141
1635413689 142
1637222786 143
1638174455 144
1638256680 145
1638777714 146
1640054434 147
1646983270 148
1648697834 149
1649406687 150
1649758480 151
1649820402 152
1649820701 153
1649822739 154
1649992926 155
1652767468 156
1656490893 157
1658990153 158
1660189790 159
1676428256 160
1680509316 161
1688027141 162
1691045326 163
1700452309 164
