1585654159 2050
1585910730 2595
1586226667 2595
1586258553 2479
1586330212 2535
1586336053 2537
1586338295 2538
1586487908 2553
1586491676 2557
1586513918 42530
1586771341 42575
1586831931 42593
1586835215 42594
1586846610 42617
1586846893 42617
1586846991 42617
1586950641 42648
1587521290 42656
1587552662 42689
1588075451 43709
1588824467 43713
1588839078 43714
1588839290 43718
1589179052 87098
1589857370 87260
1589858142 87263
1589859905 87263
1589871892 87245
1589973395 87287
1591177346 86655
1591179079 86658
1591675198 86659
1591861568 86663
1592553401 86663
1594034956 86916
1594178788 87045
1594206861 87047
1594346971 87059
1594346979 87067
1594352899 87103
1594355128 87100
1594373565 87103
1594710506 87232
1594711340 87231
1594716928 87227
1594719712 87227
1594723511 87226
1595316075 87250
1595317947 87250
1595319793 87250
1595331246 87250
1596106312 86284
1596688151 86287
1596695245 86288
1596695368 86288
1596695736 86293
1596696276 86293
1596700587 86294
1596700800 86293
1597126737 86291
1597285618 86302
1597660696 86444
1597662284 87241
1597670067 87261
1598175304 87371
1598259793 87375
1598259888 87375
1598942882 87371
1598943901 87375
1598944199 87375
1598945099 87375
1598945827 87375
1598946925 87375
1598948145 87377
1598960120 86551
1598960386 86553
1598960668 86553
1598961681 86557
1598963522 86570
1598965048 86572
1598965559 86574
1599016922 86577
1599017510 86574
1599018043 86575
1599018302 86575
1599018489 86575
1599018738 86575
1599019081 86576
1599019153 86576
1599019210 86576
1599028530 86579
1599124264 86579
1599453357 86718
1599474751 87015
1599797609 86984
1599797980 86984
1599798363 87004
1599804718 87108
1599804876 87108
1599806488 86922
1599806664 86920
1600399271 86924
1600842996 86966
1601006423 86970
1602213895 86976
1603248599 86976
1603249517 86976
1603249669 86976
1603253311 86976
1603253551 86976
1603254937 86976
1604384877 86976
1604455515 86976
1604456414 86976
1605097203 87245
1605097287 87245
1606467710 87245
1606467820 87245
1607339470 87246
1607583664 87120
1607584951 87098
1607585797 87098
1609402354 87112
1611202342 86948
1611284760 86952
1611296628 86932
1615197732 86983
1615201530 86983
1615204686 86983
1615205205 86985
1615518137 86992
1615528831 86990
1617262879 87032
1618565119 87032
1619168995 87037
1619599283 87076
1627636644 87077
1628243602 87066
1629965064 87071
1635306521 87099
1635321397 87099
1635413689 87101
1637222786 87221
1638174455 87223
1638256680 87259
1638777714 87260
1640054434 87289
1646983270 87290
1648697834 87290
1649406687 87290
1649758480 87276
1649820402 87270
1649820701 87276
1649822739 87541
1649992926 87538
1652767468 87447
1656490893 87456
1658990153 87459
1660189790 87471
1676428256 87475
1680509316 87475
1688027141 87554
1691045326 87559
1700452309 87565
