1585654159 2114
1585910730 2936
1586226667 2937
1586258553 3190
1586330212 3311
1586336053 3313
1586338295 3315
1586487908 3336
1586491676 3344
1586513918 43472
1586771341 43567
1586831931 43592
1586835215 43604
1586846610 43639
1586846893 43649
1586846991 43650
1586950641 43729
1587521290 43743
1587552662 43869
1588075451 44955
1588824467 44977
1588839078 44982
1588839290 44989
1589179052 88391
1589857370 88788
1589858142 88811
1589859905 88813
1589871892 88824
1589973395 88916
1591177346 89792
1591179079 89796
1591675198 89798
1591861568 89840
1592553401 89843
1594034956 90395
1594178788 90576
1594206861 90696
1594346971 90754
1594346979 90754
1594352899 90797
1594355128 90798
1594373565 90803
1594710506 90939
1594711340 90940
1594716928 90976
1594719712 90979
1594723511 90985
1595316075 91012
1595317947 91012
1595319793 91012
1595331246 91015
1596106312 91117
1596688151 91141
1596695245 91145
1596695368 91150
1596695736 91156
1596696276 91159
1596700587 91161
1596700800 91161
1597126737 91161
1597285618 91175
1597660696 91506
1597662284 92303
1597670067 92415
1598175304 92747
1598259793 92766
1598259888 92767
1598942882 92903
1598943901 92910
1598944199 92912
1598945099 92915
1598945827 92917
1598946925 92918
1598948145 92944
1598960120 93010
1598960386 93033
1598960668 93035
1598961681 93046
1598963522 93066
1598965048 93086
1598965559 93089
1599016922 93093
1599017510 93094
1599018043 93095
1599018302 93096
1599018489 93097
1599018738 93098
1599019081 93100
1599019153 93101
1599019210 93102
1599028530 93107
1599124264 93108
1599453357 93587
1599474751 94009
1599797609 94312
1599797980 94313
1599798363 94674
1599804718 94781
1599804876 94792
1599806488 95123
1599806664 95123
1600399271 95127
1600842996 95263
1601006423 95279
1602213895 95303
1603248599 95304
1603249517 95306
1603249669 95307
1603253311 95308
1603253551 95310
1603254937 95312
1604384877 95314
1604455515 95316
1604456414 95318
1605097203 95778
1605097287 95778
1606467710 95788
1606467820 95798
1607339470 95803
1607583664 95897
1607584951 95899
1607585797 95957
1609402354 95977
1611202342 96476
1611284760 96620
1611296628 96732
1615197732 96806
1615201530 96806
1615204686 96819
1615205205 96824
1615518137 96840
1615528831 96840
1617262879 96903
1618565119 96903
1619168995 96909
1619599283 96955
1627636644 96957
1628243602 96963
1629965064 96974
1635306521 97006
1635321397 97008
1635413689 97013
1637222786 97173
1638174455 97185
1638256680 97223
1638777714 97232
1640054434 97263
1646983270 97264
1648697834 97265
1649406687 97266
1649758480 97331
1649820402 97332
1649820701 97339
1649822739 97756
1649992926 97771
1652767468 97936
1656490893 97961
1658990153 97970
1660189790 97983
1676428256 97987
1680509316 97988
1688027141 98098
1691045326 98105
1700452309 98148
