1566283920 0 1
1566293368 1 1
1566355988 2 1
1571364391 3 1
1577341329 4 1
1577344158 5 1
1577953250 6 1
1578019891 7 1
1578035784 8 1
1578036268 9 1
1578382476 10 1
1584611124 11 1
1588075595 12 1
1589974004 13 1
1591177465 14 1
1598527163 15 1
1598948218 16 1
1599453508 17 1
1601006548 18 1
1605097659 19 1
1607339571 20 1
1607583810 21 1
1607585887 22 1
1609402464 23 1
1615197763 24 1
1615205232 25 1
1615528860 26 1
1617262914 27 1
1619599316 28 1
1628243935 29 1
1629965172 30 1
1688027856 31 1
1691045412 32 1
