1592965276 3882
1592971411 3432
1592991706 3430
1592991715 3430
1593331667 3429
1593395289 3480
1593397770 3480
1593488803 3448
1593489067 3446
1593502198 3387
1593572926 3386
1593679530 3417
1593681449 3420
1593696818 3439
1596106333 3443
1597660709 3549
1597670076 3569
1598175325 3669
1598948189 3670
1599453377 3759
1600399284 3761
1600842980 3796
1601006438 3846
1605096523 4125
1607339492 4126
1607583676 4000
1607585806 4000
1609402373 4014
1611202346 3850
1611284765 3940
1611296635 3920
1615197736 3971
1615205208 3973
1615518142 3980
1615528835 3978
1617262884 4020
1619599288 4059
1628243627 4048
1629965084 4053
1635306544 4081
1635413712 4083
1637221904 4256
1688027313 4316
1691045335 4329
