1592965276 0 3882
1592971411 0 4045
1592991706 0 4046
1592991715 0 4046
1593331667 0 4046
1593395289 0 4115
1593397770 0 4117
1593488803 0 4147
1593489067 0 4147
1593502198 0 4150
1593572926 0 4152
1593679530 0 4204
1593681449 0 4210
1593696818 0 4235
1596106333 37 4235
1597660709 310 4235
1597670076 421 4235
1598175325 680 4235
1598948189 693 4235
1599453377 1121 4235
1600399284 1123 4235
1600842980 1252 4235
1601006438 1417 4235
1605096523 1872 4235
1607339492 1877 4235
1607583676 1971 4235
1607585806 2029 4235
1609402373 2049 4235
1611202346 2548 4235
1611284765 2685 4235
1611296635 2797 4235
1615197736 2871 4235
1615205208 2876 4235
1615518142 2892 4235
1615528835 2892 4235
1617262884 2955 4235
1619599288 3001 4235
1628243627 3007 4235
1629965084 3018 4235
1635306544 3050 4235
1635413712 3055 4235
1637221904 3355 4235
1688027313 3688 4235
1691045335 3713 4235
