1564131594 0 0 1
1564132221 0 0 2
1564132584 0 0 3
1564132790 0 0 4
1564136328 0 0 5
1564367251 0 0 6
1564367271 0 1 6
1564367288 0 2 6
1564368566 0 3 6
1564368570 0 3 7
1564368580 0 3 8
1564368609 0 4 8
1564369599 0 4 9
1564369607 0 4 10
1564369723 0 5 10
1564369733 0 6 10
1564370119 0 6 11
1564370126 0 6 12
1564370181 0 7 12
1564370191 0 8 12
1564371094 0 9 12
1564381041 0 10 12
1564391380 0 10 13
1564391430 0 10 14
1564391447 0 11 14
1564391455 0 12 14
1564393339 0 12 15
1564393345 0 12 16
1564393370 0 13 16
1564393382 0 14 16
1564483412 0 14 17
1564553878 0 14 18
1564657644 0 14 19
1564658323 0 14 20
1564658613 0 14 21
1564668784 0 14 22
1564712939 0 15 22
1564712947 0 16 22
1564713190 0 16 23
1564713200 0 16 24
1564713326 0 17 24
1564713454 0 17 25
1564713462 0 17 26
1564713502 0 18 26
1564713510 0 19 26
1564726443 0 19 27
1564726487 0 19 28
1564727143 0 19 29
1564734992 0 19 30
1564737022 0 19 31
1564744105 1 19 31
1564969202 1 19 32
1564969232 1 19 33
1564975878 2 19 33
1564995564 3 19 33
1564998656 3 19 34
1564998730 3 19 35
1565009100 4 19 35
1565082762 5 19 35
1565082833 5 20 35
1565082844 5 21 35
1565262033 6 21 35
1565262053 7 21 35
1565262079 7 22 35
1565262089 7 23 35
1565275933 7 24 35
1565317707 8 24 35
1565317739 9 24 35
1565335642 9 25 35
1565335653 9 26 35
1565341387 9 27 35
1565341900 9 28 35
1565349458 9 29 35
1565351859 9 30 35
1565355029 9 31 35
1565357592 9 32 35
1565362884 10 32 35
1565363225 10 33 35
1565363250 10 34 35
1565363914 11 34 35
1565364053 12 34 35
1565364824 13 34 35
1565371383 14 34 35
1565374280 15 34 35
1565395164 16 34 35
1565396245 17 34 35
1565752295 17 35 35
1565752315 17 36 35
1565752411 18 36 35
1565752448 19 36 35
1565764848 19 37 35
1565764861 19 38 35
1565766881 19 39 35
1565767604 20 39 35
1565767629 21 39 35
1565770461 21 40 35
1565770714 22 40 35
1565778617 22 41 35
1565783473 23 41 35
1565835750 23 42 35
1565835762 24 43 35
1565835787 25 43 35
1565857295 26 43 35
1565857656 26 44 35
1565857668 26 45 35
1565864779 26 46 35
1565865841 27 46 35
1565865914 28 46 35
1565866798 28 47 35
1565866809 28 48 35
1565868125 29 48 35
1565917784 29 49 35
1565917797 29 50 35
1565925160 29 51 35
1565926414 30 52 35
1565927606 31 52 35
1565927629 32 52 35
1565928231 33 52 35
1565940956 33 53 35
1565940966 33 54 35
1565940968 34 54 35
1565941184 35 54 35
1566198514 35 55 35
1566198528 35 56 35
1566198767 36 56 35
1566198775 37 56 35
1566199190 37 57 35
1566199204 37 58 35
1566202333 37 58 36
1566202732 37 58 37
1566207363 37 59 37
1566207374 37 60 37
1566209069 38 60 37
1566284230 39 60 37
1566284530 39 61 37
1566284542 39 62 37
1566293090 40 62 37
1566293106 41 62 37
1568102258 42 62 37
1571364504 43 62 37
1574145676 44 62 37
1574307904 45 62 37
1574651551 46 62 37
1575458568 47 62 37
1576839553 48 62 37
1577178056 49 62 37
1577178127 50 62 37
1577178215 51 62 37
1577243061 52 62 37
1577342020 53 62 37
1577344129 54 62 37
1577953135 55 62 37
1578019870 56 62 37
1578036186 57 62 37
1578382453 58 62 37
1578555350 59 62 37
1588075561 60 62 37
1589973914 61 62 37
1591177418 62 62 37
1597660807 63 62 37
1597670099 64 62 37
1598175353 65 62 37
1598948207 66 62 37
1599453480 67 62 37
1600842938 68 62 37
1601006506 69 62 37
1605097468 70 62 37
1607339544 71 62 37
1607583727 72 62 37
1607585857 73 62 37
1609402418 74 62 37
1611202360 75 62 37
1611284845 76 62 37
1615197753 77 62 37
1615205220 78 62 37
1615518158 79 62 37
1615528849 80 62 37
1617262902 81 62 37
1619599304 82 62 37
1628243637 83 62 37
1629965136 84 62 37
1635306592 85 62 37
1635413730 86 62 37
1637221141 87 62 37
1638174376 88 62 37
1638256602 89 62 37
1638777592 90 62 37
1640054349 91 62 37
1649406556 92 62 37
1649758653 93 62 37
1649822848 94 62 37
1649993006 95 62 37
1652767420 96 62 37
1656490848 97 62 37
1658990125 98 62 37
1660189744 99 62 37
1680509444 100 62 37
1688027708 101 62 37
1691045393 102 62 37
