1564131594 433469
1564132221 433540
1564132584 433519
1564132790 433540
1564136328 433633
1564367271 433644
1564367288 433646
1564368566 433634
1564368609 433641
1564369723 433641
1564369733 433648
1564370181 433648
1564370191 433649
1564371094 433856
1564381041 433856
1564391447 433852
1564391455 433832
1564393370 433830
1564393382 433831
1564712939 433914
1564712947 434292
1564713326 434310
1564713502 434320
1564713510 434314
1565082833 434344
1565082844 437808
1565262079 438517
1565262089 439908
1565275933 440010
1565335642 439875
1565335653 439876
1565341387 439875
1565341900 439875
1565349458 439883
1565351859 439884
1565355029 439905
1565357592 439907
1565363225 439919
1565363250 439937
1565752295 440006
1565752315 440005
1565764848 440009
1565764861 440018
1565766881 440019
1565770461 440031
1565778617 440033
1565835750 440053
1565835762 440059
1565857656 440101
1565857668 440108
1565864779 440107
1565866798 440205
1565866809 440206
1565917784 440263
1565917797 440263
1565925160 440257
1565926414 440262
1565940956 440262
1565940966 440331
1566198514 440340
1566198528 440350
1566199190 440350
1566199204 440353
1566207363 440376
1566207374 440377
1566209069 440407
1566284230 440407
1566293090 440407
1566293106 440403
1568102258 440403
1571364504 440404
1574145676 440451
1574307904 440747
1574651551 440748
1575458568 440749
1576839553 440866
1577178056 440899
1577178127 440899
1577178215 440886
1577243061 440868
1577342020 440896
1577344129 440897
1577953135 440924
1578019870 440933
1578036186 442790
1578382453 442659
1578555350 442625
1588075561 443699
1589973914 443713
1591177418 442833
1597660807 442987
1597670099 443007
1598175353 443107
1598948207 443108
1599453480 443175
1600842938 443217
1601006506 443227
1605097468 443559
1607339544 443560
1607583727 443434
1607585857 443434
1609402418 443448
1611202360 443284
1611284845 443288
1615197753 443339
1615205220 443341
1615518158 443348
1615528849 443346
1617262902 443388
1619599304 443427
1628243637 443416
1629965136 443421
1635306592 443449
1635413730 443451
1637221141 443547
1638174376 443549
1638256602 443585
1638777592 443586
1640054349 443615
1649406556 443615
1649758653 443909
1649822848 444174
1649993006 444171
1652767420 444080
1656490848 444089
1658990125 444092
1660189744 444104
1680509444 444104
1688027708 444183
1691045393 444188
