1607423682 1
1607424115 2
1607514729 3
1607934680 4
1607934696 5
1607934938 6
1607935932 7
1607936508 8
1607997776 9
1608005082 10
1608084976 11
1608084998 12
1608174108 13
1609211830 14
1609328392 15
1609833353 16
1609836863 17
1609922549 18
1610015867 19
1610077767 20
1610436654 21
1611201321 22
1611544802 23
1611891566 24
1612149258 25
1612150864 26
1612152634 27
1612174737 28
1613957138 29
1613957239 30
1614566042 31
1614578234 32
1616480704 33
1616480724 34
1616750919 35
1618907300 36
1618907317 37
1620439526 38
1621392817 39
1625448966 40
1625448981 41
1626753355 42
1628243871 43
1629257355 44
1629344960 45
1629345070 46
1629345089 47
1630920518 48
1644733445 49
1644733742 50
1654163885 51
1654163936 52
1654163949 53
1654163971 54
1654402394 55
1654410662 56
1654411177 57
1654413674 58
1654418993 59
1654419875 60
1654419946 61
1654420967 62
1654421122 63
1654566841 64
1658287933 65
1658655949 66
1658656087 67
1658668743 68
1658674338 69
1658674389 70
1658674430 71
1658800650 72
1658884763 73
1658888665 74
1658902677 75
1658903561 76
1659085913 77
1659665232 78
1660025763 79
1660026664 80
1660026708 81
1660098491 82
1660099095 83
1660477062 84
1660477256 85
1660477657 86
1660477749 87
1660478972 88
1660485259 89
1660549577 90
1660549623 91
1660549732 92
1660644544 93
1660644853 94
1660706671 95
1660706910 96
1661308869 97
1661310440 98
1661328424 99
1661328677 100
1661336955 101
1661417494 102
1661417625 103
1661417697 104
1661419588 105
1661419895 106
1661431343 107
1661434783 108
1661484360 109
1661491883 110
1661492304 111
1661493701 112
1661656944 113
1661665242 114
1661665493 115
1661682967 116
1661683424 117
1661684115 118
1661684663 119
1664520249 120
1666001120 121
1672799470 122
1680510753 123
1685590653 124
1689129262 125
1693195110 126
1693195133 127
1699434769 128
1699434784 129
1704273264 130
1704273279 131
