1607423682 137
1607424115 140
1607514729 246
1607934680 771
1607934696 775
1607934938 776
1607935932 781
1607936508 785
1607997776 786
1608005082 786
1608084976 786
1608084998 817
1608174108 825
1609211830 875
1609328392 876
1609833353 1048
1609836863 1181
1609922549 1210
1610015867 1221
1610077767 1338
1610436654 1368
1611201321 1388
1611544802 1602
1611891566 1644
1612149258 1689
1612150864 1703
1612152634 1744
1612174737 1795
1613957138 3187
1613957239 3192
1614566042 3192
1614578234 3204
1616480704 3434
1616480724 3743
1616750919 6763
1618907300 7047
1618907317 7847
1620439526 8414
1621392817 9226
1625448966 10332
1625448981 10335
1626753355 11527
1628243871 13611
1629257355 14672
1629344960 14885
1629345070 14886
1629345089 14889
1630920518 15450
1644733445 43256
1644733742 80195
1654163885 80524
1654163936 83115
1654163949 89617
1654163971 89617
1654402394 96258
1654410662 119040
1654411177 119061
1654413674 119061
1654418993 119102
1654419875 119147
1654419946 119147
1654420967 119153
1654421122 119153
1654566841 119175
1658287933 120639
1658655949 120658
1658656087 120642
1658668743 120666
1658674338 120936
1658674389 120936
1658674430 120936
1658800650 120981
1658884763 120876
1658888665 120884
1658902677 120896
1658903561 120904
1659085913 123939
1659665232 123962
1660025763 123967
1660026664 124634
1660026708 123058
1660098491 123083
1660099095 123084
1660477062 123097
1660477256 123098
1660477657 123098
1660477749 123096
1660478972 123097
1660485259 123097
1660549577 123174
1660549623 123493
1660549732 123503
1660644544 123693
1660644853 123697
1660706671 123696
1660706910 123698
1661308869 123764
1661310440 123763
1661328424 123765
1661328677 123765
1661336955 123776
1661417494 124172
1661417625 124177
1661417697 124177
1661419588 124290
1661419895 124291
1661431343 124519
1661434783 124633
1661484360 124683
1661491883 124800
1661492304 124798
1661493701 124836
1661656944 125088
1661665242 125087
1661665493 125087
1661682967 125123
1661683424 125124
1661684115 125128
1661684663 125129
1664520249 136917
1666001120 136987
1672799470 139710
1680510753 146647
1685590653 148122
1689129262 148477
1693195110 149988
1693195133 150340
1699434769 151117
1699434784 151442
1704273264 153790
1704273279 154764
