1607423682 138
1607424115 141
1607514729 252
1607934680 778
1607934696 778
1607934938 788
1607935932 796
1607936508 800
1607997776 804
1608005082 804
1608084976 805
1608084998 805
1608174108 828
1609211830 880
1609328392 881
1609833353 1054
1609836863 1354
1609922549 1383
1610015867 1494
1610077767 1713
1610436654 1750
1611201321 1787
1611544802 2002
1611891566 2044
1612149258 2089
1612150864 2104
1612152634 2145
1612174737 2197
1613957138 3591
1613957239 3597
1614566042 3598
1614578234 3614
1616480704 3869
1616480724 3869
1616750919 6899
1618907300 7196
1618907317 7196
1620439526 7788
1621392817 8629
1625448966 9890
1625448981 9890
1626753355 11163
1628243871 13306
1629257355 14372
1629344960 14683
1629345070 14684
1629345089 14684
1630920518 15278
1644733445 43946
1644733742 43946
1654163885 44276
1654163936 47105
1654163949 47105
1654163971 47105
1654402394 53750
1654410662 76533
1654411177 76554
1654413674 76558
1654418993 76600
1654419875 76649
1654419946 76650
1654420967 76656
1654421122 76657
1654566841 76694
1658287933 78185
1658655949 78208
1658656087 78209
1658668743 78234
1658674338 78505
1658674389 78507
1658674430 78508
1658800650 78553
1658884763 78565
1658888665 78575
1658902677 78588
1658903561 78597
1659085913 81701
1659665232 81724
1660025763 81811
1660026664 82479
1660026708 82513
1660098491 82572
1660099095 82579
1660477062 82594
1660477256 82596
1660477657 82598
1660477749 82599
1660478972 82600
1660485259 82601
1660549577 82771
1660549623 83091
1660549732 83101
1660644544 83296
1660644853 83302
1660706671 83303
1660706910 83306
1661308869 83384
1661310440 83384
1661328424 83387
1661328677 83388
1661336955 83402
1661417494 83799
1661417625 83804
1661417697 83805
1661419588 83935
1661419895 83939
1661431343 84167
1661434783 84281
1661484360 84346
1661491883 84469
1661492304 84471
1661493701 84514
1661656944 84766
1661665242 84769
1661665493 84771
1661682967 84813
1661683424 84817
1661684115 84824
1661684663 84828
1664520249 96634
1666001120 96707
1672799470 99531
1680510753 99531
1685590653 101038
1689129262 101479
1693195110 103012
1693195133 103012
1699434769 103808
1699434784 103808
1704273264 106348
1704273279 106348
1718961289 107761
1718961316 107761
1719219665 107885
