1566293368 5063
1566355988 5309
1571364391 5328
1577341329 5888
1577344158 5891
1577953250 5977
1578019891 5990
1578035784 6166
1578036268 6167
1578382476 6175
1584611124 6176
1588075595 7260
1589974004 7376
1591177465 7998
1598527163 8487
1598948218 8500
1599453508 9042
1601006548 9309
1605097659 9765
1607339571 9770
1607583810 9863
1607585887 9921
1609402464 9941
1615197763 10196
1615205232 10324
1615528860 10338
1617262914 10401
1619599316 10447
1628243935 10452
1629965172 10490
1688027856 10917
1691045412 10942
