1566293368 5063
1566355988 5270
1571364391 5270
1577341329 5590
1577344158 5591
1577953250 5618
1578019891 5627
1578035784 5784
1578036268 5784
1578382476 5653
1584611124 5653
1588075595 6703
1589974004 6669
1591177465 5789
1598527163 6049
1598948218 6050
1599453508 6203
1601006548 6255
1605097659 6535
1607339571 6536
1607583810 6409
1607585887 6409
1609402464 6423
1615197763 6426
1615205232 6276
1615528860 6281
1617262914 6323
1619599316 6362
1628243935 6351
1629965172 6368
1688027856 6493
1691045412 6506
