1596105886 1
1596105910 2
1596105931 3
1596437520 4
1597026165 5
1597393182 6
1597395176 7
1597395407 8
1597632294 9
1597660606 10
1597669994 11
1597825377 12
1597825420 13
1597825443 14
1597890459 15
1598163425 16
1598175158 17
1598175178 18
1598266662 19
1598266744 20
1598345697 21
1598345724 22
1598347255 23
1598347264 24
1598352377 25
1598355638 26
1598448472 27
1598527047 28
1598926616 29
1599041291 30
1599042354 31
1599043124 32
1599047507 33
1599047876 34
1599048761 35
1599101318 36
1599106705 37
1599107326 38
1599107836 39
1599108250 40
1599108836 41
1599113110 42
1599115755 43
1599116845 44
1599122650 45
1599122996 46
1599123435 47
1599124207 48
1599125775 49
1599127082 50
1599187130 51
1599206547 52
1599206562 53
1599453110 54
1599453249 55
1599468902 56
1599470450 57
1599470696 58
1599474623 59
1599565169 60
1599565355 61
1599634522 62
1599727954 63
1599728570 64
1599737160 65
1599791212 66
1599810974 67
1599821611 68
1599821643 69
1600052515 70
1600052851 71
1600055487 72
1600080430 73
1600081045 74
1600133945 75
1600134814 76
1600136634 77
1600158143 78
1600158184 79
1600224266 80
1600224341 81
1600226258 82
1600229792 83
1600229863 84
1600230035 85
1600253000 86
1600254261 87
1600316546 88
1600399196 89
1600399205 90
1600425769 91
1600679288 92
1600679905 93
1600679927 94
1600681488 95
1600745314 96
1600760203 97
1600764317 98
1600764565 99
1600768645 100
1600768908 101
1600826238 102
1600828182 103
1600835271 104
1600843077 105
1600855108 106
1600855120 107
1600943154 108
1601002710 109
1601003642 110
1601005117 111
1601006404 112
1601024614 113
1601024777 114
1601033284 115
1601034747 116
1601176509 117
1601194357 118
1601194382 119
1601194394 120
1601200080 121
1601286847 122
1601286866 123
1601288872 124
1602208734 125
1602234273 126
1602234783 127
1602483673 128
1602490726 129
1602558347 130
1602562376 131
1602579378 132
1602642283 133
1602648786 134
1602649897 135
1602656599 136
1602664330 137
1602671368 138
1602746434 139
1602748474 140
1602829585 141
1602830473 142
1602835262 143
1602838107 144
1603098820 145
1603100729 146
1603102473 147
1603102740 148
1603103122 149
1603103300 150
1603264585 151
1603332084 152
1603360125 153
1603435654 154
1603698072 155
1603766027 156
1603766079 157
1603766877 158
1603867699 159
1603875843 160
1603876939 161
1603879277 162
1603879768 163
1603882544 164
1604283672 165
1604317003 166
1604322172 167
1604372055 168
1604374114 169
1604377494 170
1604400719 171
1604407379 172
1604480750 173
1604559624 174
1604649187 175
1604653610 176
1604657409 177
1604657729 178
1604889367 179
1604889456 180
1604891292 181
1604902854 182
1604989696 183
1604996949 184
1604997406 185
1604999606 186
1605000756 187
1605000846 188
1605002567 189
1605003597 190
1605083919 191
1605088594 192
1605096032 193
1605493782 194
1605497188 195
1605498009 196
1605579327 197
1605593951 198
1605602226 199
1606060343 200
1606098301 201
1606100569 202
1606122165 203
1606125826 204
1606199135 205
1606208212 206
1606285113 207
1606294796 208
1606363490 209
1606442588 210
1606473503 211
1606720197 212
1606805527 213
1606805803 214
1606998101 215
1607051147 216
1607063618 217
1607072938 218
1607072944 219
1607079070 220
1607080093 221
1607308776 222
1607308787 223
1607312357 224
1607339169 225
1607339402 226
1607392614 227
1607417117 228
1607423067 229
1607425218 230
1607583324 231
1607583467 232
1607585636 233
1607656483 234
1607658191 235
1607670007 236
1607672782 237
1607673180 238
1607935467 239
1607936479 240
1608284277 241
1608889648 242
1608891485 243
1608891664 244
1608892224 245
1608892289 246
1609121495 247
1609208162 248
1609295595 249
1609317312 250
1609395745 251
1609402240 252
1609816366 253
1609988501 254
1609989347 255
1609992364 256
1609993552 257
1610000469 258
1610004860 259
1610005786 260
1610006690 261
1610011035 262
1610011942 263
1610016182 264
1610077721 265
1610418285 266
1610420271 267
1610421689 268
1610443206 269
1611042300 270
1611042386 271
1611042798 272
1611043009 273
1611046586 274
1611046636 275
1611047778 276
1611048448 277
1611048570 278
1611049830 279
1611050972 280
1611051745 281
1611051944 282
1611052303 283
1611055645 284
1611112444 285
1611115247 286
1611128580 287
1611196613 288
1611197110 289
1611202320 290
1611226381 291
1611229056 292
1611231247 293
1611234030 294
1611236117 295
1611236136 296
1611236474 297
1611237028 298
1611284696 299
1611296576 300
1611543423 301
1611544784 302
1611555312 303
1611576469 304
1611821739 305
1611829981 306
1611888415 307
1611891599 308
1611903222 309
1612267768 310
1612341016 311
1613719341 312
1613725184 313
1613729292 314
1613815515 315
1613957272 316
1614074880 317
1614075469 318
1614076309 319
1614076676 320
1614305349 321
1614305588 322
1614563671 323
1614583002 324
1614756344 325
1614756373 326
1614829110 327
1614830146 328
1614836670 329
1615189906 330
1615197577 331
1615205168 332
1615261184 333
1615270765 334
1615271305 335
1615272028 336
1615276640 337
1615276772 338
1615280817 339
1615340498 340
1615518041 341
1615528784 342
1615774675 343
1615777128 344
1616034922 345
1616036104 346
1616036228 347
1616036370 348
1616036433 349
1616037616 350
1616053116 351
1616134768 352
1616134808 353
1616148099 354
1616148362 355
1616379592 356
1616395736 357
1616395857 358
1616400185 359
1616567867 360
1616753279 361
1616753483 362
1617001269 363
1617262818 364
1617348797 365
1617349266 366
1617351954 367
1617351971 368
1617673304 369
1617688500 370
1617765317 371
1617765359 372
1617777269 373
1617851941 374
1618285040 375
1618372256 376
1618452415 377
1618453978 378
1618537029 379
1618545581 380
1618811628 381
1618812754 382
1618813083 383
1618990040 384
1619057599 385
1619059847 386
1619077442 387
1619159435 388
1619159597 389
1619161763 390
1619599223 391
1619660867 392
1619749692 393
1620292964 394
1620633307 395
1620726006 396
1620726342 397
1620726674 398
1620727892 399
1620814425 400
1620815227 401
1620876443 402
1620888383 403
1620890588 404
1620893203 405
1620897396 406
1620959199 407
1620983863 408
1621302913 409
1621561922 410
1621911531 411
1621938541 412
1621939159 413
1621993543 414
1622010270 415
1622084922 416
1622085635 417
1622433260 418
1622788232 419
1623221573 420
1623228274 421
1623232387 422
1623232642 423
1623233342 424
1623233455 425
1623233694 426
1623290863 427
1623291198 428
1623291485 429
1623291751 430
1623292331 431
1623292711 432
1623293975 433
1623307677 434
1623311450 435
1623722516 436
1623723528 437
1623724067 438
1623809780 439
1623832094 440
1623917009 441
1623987495 442
1623987560 443
1623988642 444
1624269402 445
1624327052 446
1624349708 447
1624413268 448
1624526480 449
1624612614 450
1624621485 451
1624701717 452
1624769184 453
1625018088 454
1625109524 455
1625109670 456
1625196861 457
1625214482 458
1625456050 459
1625476241 460
1625476437 461
1625476582 462
1625476729 463
1625539367 464
1625540630 465
1625541054 466
1625541351 467
1626075243 468
1626357114 469
1626403079 470
1626407242 471
1626416470 472
1626425594 473
1626659344 474
1626661939 475
1626662017 476
1626662728 477
1626674056 478
1626850841 479
1626850895 480
1627294480 481
1627352155 482
1627352582 483
1627365808 484
1627365910 485
1627366646 486
1627373068 487
1627458128 488
1627458771 489
1627528299 490
1627528731 491
1627529479 492
1627530416 493
1627955953 494
1627956264 495
1627970982 496
1628056589 497
1628128460 498
1628131390 499
1628214661 500
1628219192 501
1628242150 502
1628243556 503
1628475211 504
1628737438 505
1628837011 506
1629024892 507
1629101224 508
1629186377 509
1629340561 510
1629366311 511
1629423451 512
1629446102 513
1629446989 514
1629450208 515
1629701283 516
1629796265 517
1629888895 518
1629964777 519
1629964798 520
1630058230 521
1630374565 522
1630399552 523
1630478360 524
1630549866 525
1630550531 526
1630554054 527
1630562299 528
1630562574 529
1630648585 530
1630656500 531
1630892739 532
1630915767 533
1631091339 534
1631175444 535
1631177251 536
1631263974 537
1631527719 538
1631613137 539
1631701018 540
1631702552 541
1631928879 542
1632402979 543
1632798192 544
1634021729 545
1634022430 546
1634289217 547
1634639961 548
1634640496 549
1634800527 550
1634888675 551
1635153815 552
1635306185 553
1635413038 554
1635413585 555
1635489514 556
1635492764 557
1635735422 558
1636956796 559
1637224398 560
1637638490 561
1637742123 562
1637890832 563
1638179998 564
1638256840 565
1638352415 566
1638355207 567
1638774619 568
1638777849 569
1639019735 570
1639557470 571
1639625754 572
1639638389 573
1639641396 574
1640054626 575
1640054642 576
1640167688 577
1640168733 578
1640250170 579
1640593613 580
1640671168 581
1640855354 582
1640855955 583
1640942343 584
1641282741 585
1641284120 586
1641355247 587
1641372444 588
1641391311 589
1641435412 590
1641536647 591
1641540751 592
1641541384 593
1641800541 594
1641873072 595
1641873149 596
1641881003 597
1641958060 598
1642043186 599
1642045930 600
1642063436 601
1642067088 602
1642141034 603
1642484625 604
1642573693 605
1642736789 606
1644199996 607
1644200076 608
1644200105 609
1644286881 610
1644371870 611
1644372951 612
1644387310 613
1644567436 614
1644568995 615
1644569242 616
1644569963 617
1644570124 618
1644653712 619
1644659876 620
1644661650 621
1644662355 622
1644666874 623
1644723893 624
1644729879 625
1644733070 626
1644734281 627
1644739527 628
1644739597 629
1644740669 630
1644741174 631
1644817472 632
1644904720 633
1645013447 634
1645082410 635
1645148305 636
1645148754 637
1645173338 638
1645177877 639
1645428305 640
1645434199 641
1645435219 642
1645436132 643
1645436488 644
1646027716 645
1646039622 646
1646205259 647
1646205366 648
1646289189 649
1646633216 650
1646643530 651
1646789579 652
1646805834 653
1646891413 654
1646962447 655
1646964296 656
1646990303 657
1647245746 658
1647250233 659
1647332036 660
1647333133 661
1647333796 662
1647334125 663
1647418715 664
1647419840 665
1647419964 666
1647482275 667
1647502079 668
1647566931 669
1647571276 670
1647574034 671
1647591772 672
1647594054 673
1647596538 674
1647828214 675
1647828389 676
1647849069 677
1648088132 678
1648102432 679
1648193585 680
1648548058 681
1648632866 682
1648894614 683
1649208434 684
1649208530 685
1649226871 686
1649380852 687
1649383165 688
1649405692 689
1649407480 690
1649659137 691
1649735179 692
1649748373 693
1649748458 694
1649748874 695
1649756713 696
1649758068 697
1649818360 698
1649822546 699
1649899538 700
1649901273 701
1649908323 702
1649921810 703
1649992137 704
1650267178 705
1650268518 706
1650443732 707
1650444765 708
1650617372 709
1650958988 710
1650959879 711
1651223213 712
1651736014 713
1652068021 714
1652086687 715
1652172519 716
1652253726 717
1652695240 718
1652695477 719
1652749768 720
1652767585 721
1652840704 722
1652852138 723
1652944307 724
1653361401 725
1653379795 726
1653633299 727
1653893491 728
1653894291 729
1654075327 730
1654133968 731
1654138791 732
1654583370 733
1654667010 734
1654669966 735
1654677496 736
1654743167 737
1654745823 738
1654746761 739
1654840310 740
1654853494 741
1655178821 742
1655190845 743
1655191819 744
1655194378 745
1655359743 746
1655359847 747
1655709613 748
1655880560 749
1655881441 750
1655892899 751
1656482106 752
1656484285 753
1656489249 754
1656491056 755
1657006638 756
1657013982 757
1657014877 758
1657161643 759
1657265755 760
1657503888 761
1657514241 762
1657527939 763
1657595547 764
1658132315 765
1658990209 766
1658993959 767
1659338759 768
1659339042 769
1659429862 770
1659595635 771
1659596324 772
1659597698 773
1659599009 774
1659679371 775
1659686122 776
1659696781 777
1660096715 778
1660189932 779
1660630742 780
1660706628 781
1660875780 782
1661133426 783
1661502913 784
1661506033 785
1661928856 786
1661997814 787
1662456326 788
1662706913 789
1662707023 790
1662707343 791
1663137962 792
1663748455 793
1663748503 794
1663900089 795
1663925535 796
1664173042 797
1664259043 798
1665198567 799
1665295167 800
1665302637 801
1665303279 802
1665372559 803
1665372618 804
1665557637 805
1666079593 806
1666163594 807
1666174059 808
1666236643 809
1666253269 810
1666256239 811
1666258771 812
1666260874 813
1666691846 814
1666697360 815
1666697838 816
1666697958 817
1666858178 818
1666858656 819
1666872031 820
1666925303 821
1667358402 822
1667441567 823
1667531707 824
1667803864 825
1667871252 826
1667888400 827
1667890207 828
1667892212 829
1667980927 830
1668050486 831
1668062004 832
1668156599 833
1668414203 834
1668414404 835
1668484403 836
1668489952 837
1668581789 838
1668734832 839
1669882040 840
1669882094 841
1669882177 842
1669882188 843
1669967805 844
1669968121 845
1669968286 846
1669969900 847
1669972276 848
1669972876 849
1669974778 850
1669975554 851
1670206844 852
1670221605 853
1670295753 854
1670306740 855
1670314793 856
1670551347 857
1670644394 858
1670901780 859
1671074839 860
1671586077 861
1671586541 862
1672127798 863
1672299265 864
1672901691 865
1672904869 866
1672972570 867
1672987679 868
1673345298 869
1673353455 870
1673355943 871
1673359619 872
1673526955 873
1674982142 874
1675240473 875
1675652342 876
1675674444 877
1675738464 878
1675823785 879
1675824653 880
1676023601 881
1676368410 882
1676370272 883
1676370405 884
1676371072 885
1676442438 886
1676531393 887
1676616554 888
1676965834 889
1677491155 890
1677575181 891
1677822642 892
1678073627 893
1678085164 894
1678157212 895
1678158099 896
1678247133 897
1678766175 898
1678773067 899
1678773093 900
1678783473 901
1678785077 902
1678785135 903
1678785195 904
1678851447 905
1678860527 906
1678860807 907
1678876097 908
1678934130 909
1678939106 910
1678945160 911
1678946662 912
1678947434 913
1678948126 914
1678948231 915
1678948818 916
1678960144 917
1679020581 918
1679021379 919
1679022999 920
1679276500 921
1679277573 922
1679283334 923
1679283925 924
1679298834 925
1679366962 926
1679369428 927
1679561834 928
1679561992 929
1679564296 930
1679883038 931
1679904796 932
1679907541 933
1679910028 934
1679910135 935
1679984460 936
1679986660 937
1679989030 938
1680081055 939
1680232095 940
1680254966 941
1680504092 942
1680508828 943
1680587382 944
1681176290 945
1681176729 946
1681177124 947
1681177457 948
1681197296 949
1681198863 950
1681200459 951
1681206299 952
1681289268 953
1681293682 954
1681353121 955
1681354563 956
1681377708 957
1681386903 958
1681387164 959
1681387644 960
1681439282 961
1681439636 962
1681701576 963
1681702427 964
1681711901 965
1681712184 966
1681712433 967
1681725797 968
1681884070 969
1681887241 970
1681892664 972
1681892997 973
1681893019 974
1681893551 975
1681894336 976
1681895904 977
1681957133 978
1681957213 979
1681957455 980
1681957682 981
1681957755 982
1681961840 983
1681962935 984
1681970372 985
1682041997 986
1682060583 987
1682215935 988
1682229800 989
1682243999 990
1682304854 991
1682304874 992
1682315987 993
1682331375 994
1682408013 995
1682495387 996
1682559934 997
1682561868 998
1682562874 999
1682564186 1000
1682648467 1001
1682661470 1002
1682662864 1003
1682663237 1004
1683337164 1005
1683351279 1006
1683698924 1007
1683873794 1008
1683880298 1009
1684302337 1010
1684308569 1011
1684459829 1012
1684464001 1013
1684724846 1014
1684807515 1015
1684808924 1016
1684809841 1017
1684980215 1018
1685069296 1019
1685328434 1020
1685590167 1021
1685673122 1022
1686014384 1023
1686107575 1024
1686195778 1025
1686211672 1026
1686216653 1027
1686216933 1028
1686535014 1029
1686535222 1030
1686535592 1031
1686535742 1032
1686535870 1033
1686536075 1034
1686536223 1035
1686536446 1036
1686550601 1037
1686550631 1038
1686552326 1039
1686552349 1040
1686554159 1041
1686554553 1042
1686554697 1043
1686554787 1044
1686554932 1045
1686554991 1046
1686555164 1047
1686555222 1048
1686555265 1049
1686556930 1050
1686557188 1051
1686558150 1052
1686560323 1053
1686563294 1054
1686619454 1055
1686619623 1056
1686624165 1057
1686624284 1058
1686624360 1059
1686624696 1060
1686626071 1061
1686636365 1062
1686636763 1063
1686638097 1064
1686640351 1065
1686645313 1066
1686645361 1067
1686645459 1068
1686647248 1069
1686648845 1070
1686649469 1071
1686710225 1072
1686724354 1073
1686810019 1074
1686812194 1075
1687252323 1076
1688025386 1077
1688107293 1078
1688440247 1079
1688630395 1080
1688635641 1081
1688636748 1082
1688638632 1083
1688638748 1084
1688698008 1085
1688699305 1086
1688699631 1087
1688699718 1088
1688700656 1089
1688701496 1090
1688722692 1091
1688723812 1092
1688724082 1093
1688973818 1094
1689054947 1095
1689060678 1096
1689216189 1097
1689216204 1098
1689578393 1099
1689645855 1100
1689648099 1101
1689649998 1102
1689735808 1103
1689923045 1104
1690186536 1105
1690251993 1106
1690252035 1107
1690339345 1108
1690339565 1109
1690342012 1110
1690450908 1111
1690451079 1112
1690522521 1113
1690523494 1114
1690525182 1115
1690527551 1116
1690527803 1117
1690535604 1118
1690769874 1119
1690784175 1120
1690791334 1121
1691032318 1122
1691045161 1123
1691133552 1124
1691634331 1125
1691634396 1126
1691637128 1127
1692165671 1128
1692356968 1129
1692608246 1130
1692769932 1131
1692860539 1132
1693190685 1133
1693191116 1134
1693218926 1135
1693378075 1136
1693386672 1137
1693386918 1138
1693387116 1139
1693387901 1140
1693387983 1141
1693540447 1142
1693552092 1143
1693552258 1144
1693552569 1145
1693563029 1146
1693563196 1147
1693563288 1148
1693799930 1149
1694414873 1150
1694415611 1151
1694501849 1152
1695796993 1153
1696819767 1154
1697422093 1155
1697511637 1156
1697513178 1157
1697523105 1158
1697525989 1159
1698637799 1160
1698732836 1161
1699343302 1162
1699412527 1163
1699426917 1164
1699436956 1165
1699585785 1166
1699586199 1167
1699870402 1168
1699946179 1169
1699946218 1170
1700018488 1171
1700041122 1172
1700102348 1173
1700104192 1174
1700104268 1175
1700203872 1176
1700538986 1177
1700549492 1178
1700791613 1179
1701223788 1180
1701225648 1181
1701242866 1182
1701312355 1183
1702019884 1184
1702359418 1185
1702541342 1186
1702604870 1187
1702628503 1188
1702888995 1189
1703041445 1190
1703149473 1191
1703471815 1192
1703491069 1193
1703664096 1194
1704161573 1195
1704418385 1196
1704436816 1197
1704706147 1198
1704771169 1199
1704788172 1200
1704790652 1201
1704853366 1202
1704854380 1203
1704866462 1204
1704945300 1205
1704960704 1206
1705373766 1207
1705373786 1208
1705550100 1209
1705893220 1210
1706152050 1211
1706164157 1212
1706837053 1213
1706837314 1214
1706862402 1215
1706863406 1216
1707099829 1217
1708507027 1218
1708677893 1219
1708678532 1220
1709177853 1221
1709604222 1222
1709604351 1223
1710235806 1224
1710473740 1225
1710922390 1226
1712818516 1227
1712907854 1228
1713258412 1229
1713322235 1230
1713324861 1231
1713332476 1232
1713346901 1233
1713404332 1234
1713775775 1235
1713844831 1236
1713845352 1237
1713851471 1238
1713852689 1239
1713856263 1240
1714015252 1241
1714272786 1242
1714292190 1243
1715049366 1244
1715153966 1245
1715154070 1246
1715159824 1247
1715673722 1248
1715742409 1249
1715742807 1250
1718180810 1251
