1596105886 67
1596105910 1103
1596105931 1103
1596437520 1124
1597026165 1124
1597393182 1536
1597395176 1548
1597395407 1549
1597632294 1558
1597660606 1831
1597669994 1946
1597825377 2081
1597825420 2259
1597825443 2259
1597890459 2658
1598163425 2816
1598175158 2860
1598175178 2860
1598266662 2875
1598266744 2875
1598345697 3197
1598345724 3197
1598347255 3198
1598347264 3198
1598352377 3440
1598355638 3456
1598448472 3905
1598527047 4216
1598926616 4297
1599041291 4299
1599042354 4335
1599043124 4338
1599047507 4344
1599047876 4346
1599048761 4347
1599101318 4461
1599106705 4580
1599107326 4581
1599107836 4586
1599108250 4605
1599108836 4609
1599113110 4633
1599115755 4667
1599116845 4671
1599122650 4724
1599122996 4725
1599123435 4729
1599124207 4731
1599125775 4736
1599127082 4737
1599187130 4741
1599206547 4741
1599206562 4741
1599453110 5227
1599453249 5562
1599468902 5574
1599470450 5574
1599470696 5658
1599474623 6030
1599565169 6987
1599565355 6995
1599634522 7119
1599727954 7176
1599728570 7308
1599737160 7349
1599791212 7523
1599810974 7710
1599821611 7740
1599821643 7740
1600052515 7830
1600052851 7833
1600055487 7840
1600080430 8141
1600081045 8245
1600133945 8248
1600134814 8357
1600136634 8357
1600158143 8408
1600158184 8408
1600224266 8662
1600224341 8686
1600226258 8686
1600229792 8716
1600229863 8730
1600230035 8736
1600253000 9208
1600254261 9214
1600316546 9220
1600399196 9226
1600399205 9226
1600425769 9227
1600679288 9239
1600679905 9241
1600679927 9241
1600681488 9249
1600745314 9265
1600760203 9271
1600764317 9484
1600764565 9502
1600768645 9508
1600768908 9508
1600826238 9509
1600828182 9578
1600835271 9583
1600843077 9712
1600855108 9732
1600855120 9732
1600943154 10583
1601002710 10676
1601003642 10679
1601005117 10692
1601006404 10693
1601024614 10787
1601024777 10788
1601033284 10797
1601034747 10797
1601176509 11063
1601194357 11242
1601194382 11242
1601194394 13703
1601200080 13706
1601286847 14182
1601286866 14182
1601288872 14193
1602208734 14198
1602234273 14243
1602234783 14247
1602483673 14377
1602490726 14420
1602558347 14432
1602562376 14447
1602579378 15121
1602642283 15121
1602648786 15251
1602649897 15262
1602656599 15294
1602664330 15343
1602671368 15344
1602746434 15394
1602748474 15394
1602829585 15536
1602830473 15538
1602835262 15539
1602838107 15694
1603098820 15791
1603100729 15819
1603102473 15823
1603102740 15826
1603103122 15827
1603103300 15829
1603264585 15986
1603332084 16024
1603360125 16307
1603435654 16332
1603698072 16332
1603766027 16332
1603766079 16333
1603766877 16333
1603867699 16377
1603875843 16474
1603876939 16484
1603879277 16486
1603879768 16912
1603882544 16918
1604283672 17847
1604317003 18554
1604322172 18579
1604372055 18598
1604374114 18599
1604377494 18601
1604400719 18603
1604407379 18791
1604480750 18941
1604559624 18942
1604649187 19168
1604653610 19170
1604657409 19179
1604657729 19180
1604889367 19183
1604889456 19186
1604891292 19188
1604902854 19188
1604989696 19203
1604996949 19219
1604997406 19221
1604999606 19245
1605000756 19253
1605000846 19259
1605002567 19268
1605003597 19363
1605083919 19623
1605088594 19643
1605096032 20101
1605493782 20104
1605497188 20110
1605498009 20440
1605579327 20560
1605593951 20569
1605602226 20577
1606060343 20659
1606098301 20665
1606100569 20673
1606122165 20681
1606125826 20695
1606199135 20697
1606208212 20701
1606285113 20708
1606294796 20710
1606363490 20712
1606442588 20722
1606473503 20744
1606720197 20805
1606805527 20809
1606805803 20810
1606998101 20885
1607051147 20963
1607063618 21104
1607072938 21105
1607072944 21105
1607079070 21110
1607080093 21112
1607308776 21112
1607308787 21112
1607312357 21458
1607339169 21572
1607339402 21577
1607392614 21581
1607417117 21584
1607423067 21586
1607425218 21587
1607583324 21681
1607583467 21681
1607585636 21739
1607656483 21742
1607658191 21764
1607670007 21796
1607672782 21807
1607673180 21808
1607935467 21828
1607936479 21880
1608284277 21883
1608889648 21916
1608891485 21918
1608891664 21919
1608892224 21920
1608892289 21921
1609121495 21923
1609208162 21933
1609295595 21940
1609317312 21947
1609395745 21961
1609402240 21981
1609816366 21990
1609988501 21990
1609989347 22009
1609992364 22072
1609993552 22073
1610000469 22129
1610004860 22130
1610005786 22152
1610006690 22158
1610011035 22192
1610011942 22205
1610016182 22816
1610077721 22915
1610418285 23149
1610420271 23154
1610421689 23155
1610443206 23312
1611042300 23896
1611042386 23896
1611042798 23900
1611043009 23901
1611046586 23920
1611046636 23923
1611047778 23926
1611048448 23946
1611048570 23947
1611049830 23987
1611050972 24028
1611051745 24029
1611051944 24046
1611052303 24064
1611055645 24069
1611112444 24126
1611115247 24127
1611128580 24136
1611196613 24166
1611197110 24168
1611202320 24670
1611226381 24686
1611229056 24696
1611231247 24752
1611234030 24785
1611236117 24791
1611236136 24791
1611236474 24792
1611237028 24795
1611284696 24937
1611296576 25049
1611543423 25052
1611544784 25055
1611555312 25058
1611576469 25240
1611821739 25258
1611829981 25314
1611888415 25321
1611891599 25327
1611903222 25330
1612267768 25407
1612341016 25408
1613719341 25410
1613725184 25412
1613729292 25442
1613815515 25607
1613957272 25704
1614074880 25844
1614075469 25845
1614076309 25847
1614076676 25859
1614305349 25860
1614305588 25861
1614563671 25881
1614583002 25895
1614756344 25932
1614756373 26257
1614829110 26259
1614830146 26262
1614836670 26287
1615189906 26290
1615197577 26364
1615205168 26369
1615261184 26371
1615270765 26373
1615271305 26375
1615272028 26395
1615276640 26399
1615276772 26399
1615280817 26427
1615340498 26434
1615518041 26450
1615528784 26450
1615774675 26485
1615777128 26522
1616034922 26575
1616036104 26576
1616036228 26584
1616036370 26585
1616036433 26585
1616037616 26591
1616053116 27283
1616134768 27285
1616134808 27285
1616148099 27417
1616148362 27441
1616379592 27448
1616395736 27450
1616395857 27451
1616400185 27683
1616567867 27721
1616753279 27725
1616753483 27726
1617001269 27727
1617262818 27790
1617348797 27809
1617349266 27820
1617351954 27854
1617351971 27854
1617673304 27856
1617688500 27858
1617765317 27870
1617765359 27870
1617777269 27871
1617851941 27873
1618285040 28906
1618372256 28907
1618452415 28908
1618453978 28909
1618537029 28910
1618545581 29959
1618811628 29960
1618812754 30001
1618813083 30011
1618990040 30012
1619057599 30016
1619059847 30017
1619077442 30076
1619159435 30080
1619159597 30094
1619161763 30096
1619599223 30142
1619660867 30226
1619749692 30323
1620292964 30356
1620633307 30411
1620726006 30560
1620726342 30560
1620726674 30566
1620727892 30572
1620814425 30857
1620815227 30883
1620876443 30901
1620888383 31445
1620890588 31447
1620893203 31505
1620897396 31510
1620959199 31530
1620983863 31535
1621302913 31536
1621561922 31540
1621911531 31557
1621938541 32484
1621939159 32612
1621993543 32631
1622010270 32690
1622084922 32692
1622085635 32697
1622433260 32697
1622788232 33393
1623221573 34360
1623228274 34423
1623232387 34514
1623232642 34514
1623233342 34515
1623233455 34517
1623233694 34523
1623290863 34839
1623291198 34841
1623291485 34843
1623291751 34849
1623292331 34853
1623292711 34858
1623293975 34866
1623307677 34867
1623311450 34869
1623722516 34870
1623723528 34882
1623724067 34882
1623809780 34887
1623832094 35518
1623917009 35532
1623987495 35571
1623987560 35591
1623988642 35593
1624269402 36133
1624327052 36155
1624349708 36171
1624413268 36179
1624526480 36185
1624612614 36195
1624621485 36463
1624701717 36465
1624769184 36466
1625018088 36487
1625109524 36489
1625109670 36495
1625196861 36528
1625214482 37446
1625456050 37498
1625476241 37628
1625476437 37631
1625476582 37633
1625476729 37641
1625539367 37889
1625540630 37915
1625541054 37916
1625541351 37918
1626075243 37954
1626357114 38149
1626403079 38210
1626407242 38341
1626416470 38357
1626425594 38369
1626659344 38417
1626661939 38441
1626662017 38445
1626662728 38447
1626674056 38454
1626850841 38458
1626850895 38466
1627294480 39267
1627352155 39312
1627352582 39314
1627365808 39315
1627365910 39316
1627366646 39317
1627373068 39370
1627458128 39371
1627458771 39374
1627528299 39396
1627528731 39397
1627529479 39406
1627530416 39407
1627955953 39431
1627956264 39434
1627970982 39441
1628056589 39451
1628128460 39453
1628131390 39536
1628214661 39538
1628219192 39539
1628242150 39825
1628243556 39830
1628475211 39906
1628737438 39915
1628837011 39924
1629024892 40069
1629101224 40070
1629186377 40079
1629340561 40082
1629366311 40087
1629423451 40089
1629446102 40103
1629446989 40160
1629450208 40200
1629701283 40203
1629796265 40205
1629888895 40459
1629964777 40470
1629964798 40480
1630058230 40481
1630374565 40490
1630399552 40548
1630478360 40593
1630549866 40697
1630550531 40699
1630554054 40700
1630562299 40722
1630562574 40723
1630648585 40725
1630656500 40735
1630892739 40736
1630915767 40739
1631091339 40765
1631175444 40790
1631177251 40791
1631263974 40800
1631527719 40803
1631613137 41027
1631701018 41028
1631702552 41045
1631928879 41496
1632402979 42064
1632798192 42085
1634021729 42304
1634022430 42311
1634289217 42317
1634639961 42404
1634640496 42409
1634800527 42592
1634888675 42599
1635153815 42610
1635306185 42642
1635413038 42643
1635413585 42648
1635489514 42692
1635492764 42693
1635735422 42693
1636956796 43733
1637224398 44600
1637638490 44717
1637742123 44717
1637890832 44721
1638179998 44801
1638256840 44866
1638352415 44868
1638355207 44880
1638774619 44885
1638777849 44894
1639019735 45002
1639557470 45080
1639625754 45081
1639638389 45138
1639641396 45139
1640054626 45170
1640054642 45442
1640167688 45445
1640168733 45446
1640250170 45658
1640593613 45673
1640671168 45723
1640855354 47050
1640855955 47051
1640942343 47051
1641282741 47829
1641284120 47841
1641355247 47908
1641372444 47915
1641391311 47915
1641435412 47923
1641536647 48128
1641540751 48231
1641541384 48261
1641800541 48264
1641873072 48270
1641873149 48289
1641881003 48297
1641958060 48300
1642043186 48333
1642045930 48338
1642063436 48348
1642067088 48356
1642141034 48369
1642484625 48404
1642573693 48622
1642736789 48623
1644199996 48637
1644200076 48708
1644200105 48740
1644286881 48947
1644371870 48948
1644372951 49376
1644387310 49487
1644567436 50319
1644568995 50326
1644569242 50327
1644569963 50449
1644570124 50450
1644653712 50458
1644659876 50697
1644661650 50716
1644662355 50717
1644666874 50731
1644723893 50775
1644729879 50782
1644733070 50790
1644734281 50795
1644739527 50841
1644739597 50843
1644740669 50849
1644741174 50850
1644817472 50851
1644904720 50852
1645013447 50875
1645082410 50879
1645148305 51074
1645148754 51077
1645173338 51147
1645177877 51148
1645428305 51556
1645434199 51569
1645435219 51573
1645436132 51575
1645436488 51579
1646027716 51713
1646039622 51715
1646205259 51735
1646205366 52065
1646289189 52072
1646633216 52297
1646643530 52387
1646789579 52750
1646805834 52867
1646891413 53103
1646962447 53113
1646964296 53116
1646990303 53153
1647245746 53173
1647250233 53336
1647332036 53484
1647333133 53488
1647333796 53494
1647334125 53500
1647418715 54318
1647419840 54329
1647419964 54335
1647482275 54337
1647502079 54495
1647566931 54809
1647571276 54825
1647574034 54937
1647591772 55000
1647594054 55004
1647596538 55008
1647828214 55019
1647828389 55025
1647849069 55082
1648088132 55113
1648102432 55123
1648193585 55168
1648548058 55186
1648632866 55213
1648894614 55812
1649208434 55911
1649208530 55919
1649226871 55936
1649380852 56326
1649383165 56327
1649405692 56331
1649407480 56332
1649659137 56340
1649735179 56537
1649748373 56542
1649748458 56547
1649748874 56551
1649756713 56584
1649758068 56649
1649818360 56658
1649822546 57075
1649899538 57102
1649901273 57108
1649908323 57130
1649921810 57134
1649992137 57149
1650267178 57156
1650268518 57192
1650443732 57195
1650444765 57207
1650617372 57232
1650958988 57288
1650959879 57289
1651223213 57290
1651736014 57311
1652068021 58684
1652086687 58800
1652172519 58801
1652253726 58821
1652695240 58822
1652695477 58830
1652749768 58839
1652767585 59004
1652840704 59090
1652852138 59095
1652944307 59100
1653361401 59102
1653379795 59142
1653633299 59147
1653893491 59147
1653894291 59148
1654075327 59154
1654133968 59155
1654138791 59159
1654583370 59159
1654667010 59160
1654669966 59182
1654677496 59209
1654743167 59231
1654745823 59234
1654746761 59236
1654840310 59238
1654853494 59239
1655178821 59434
1655190845 59436
1655191819 59440
1655194378 59440
1655359743 59469
1655359847 59469
1655709613 59481
1655880560 59487
1655881441 59488
1655892899 59503
1656482106 59635
1656484285 59638
1656489249 59642
1656491056 59667
1657006638 59669
1657013982 59673
1657014877 59676
1657161643 59702
1657265755 59708
1657503888 59714
1657514241 59741
1657527939 59742
1657595547 59768
1658132315 59819
1658990209 59828
1658993959 60258
1659338759 60266
1659339042 60268
1659429862 60307
1659595635 60311
1659596324 60317
1659597698 60318
1659599009 60335
1659679371 60336
1659686122 60337
1659696781 60338
1660096715 60340
1660189932 60353
1660630742 60462
1660706628 60472
1660875780 60505
1661133426 60511
1661502913 60526
1661506033 60530
1661928856 60532
1661997814 60534
1662456326 60699
1662706913 60729
1662707023 60734
1662707343 60739
1663137962 60754
1663748455 60790
1663748503 60790
1663900089 60790
1663925535 60840
1664173042 60845
1664259043 60868
1665198567 60891
1665295167 60928
1665302637 60929
1665303279 60932
1665372559 60937
1665372618 60937
1665557637 60939
1666079593 60958
1666163594 60976
1666174059 61024
1666236643 61062
1666253269 61066
1666256239 61078
1666258771 61080
1666260874 61086
1666691846 61087
1666697360 61107
1666697838 61131
1666697958 61133
1666858178 61241
1666858656 61253
1666872031 61254
1666925303 61263
1667358402 61267
1667441567 61315
1667531707 61322
1667803864 61345
1667871252 62875
1667888400 62880
1667890207 62891
1667892212 62896
1667980927 62897
1668050486 62950
1668062004 62997
1668156599 62998
1668414203 63139
1668414404 63143
1668484403 63158
1668489952 63159
1668581789 63178
1668734832 63180
1669882040 63410
1669882094 63410
1669882177 63414
1669882188 63438
1669967805 63615
1669968121 63620
1669968286 63621
1669969900 63651
1669972276 63653
1669972876 63716
1669974778 63728
1669975554 63762
1670206844 63801
1670221605 63802
1670295753 64370
1670306740 64371
1670314793 64382
1670551347 64407
1670644394 64408
1670901780 64440
1671074839 64468
1671586077 64740
1671586541 64744
1672127798 64752
1672299265 64753
1672901691 64797
1672904869 64839
1672972570 64850
1672987679 64914
1673345298 66161
1673353455 66207
1673355943 66209
1673359619 66228
1673526955 66232
1674982142 66236
1675240473 66246
1675652342 66260
1675674444 66264
1675738464 66280
1675823785 66297
1675824653 66299
1676023601 66302
1676368410 66304
1676370272 66330
1676370405 66331
1676371072 66341
1676442438 66343
1676531393 66344
1676616554 66352
1676965834 66365
1677491155 66366
1677575181 66368
1677822642 67013
1678073627 67080
1678085164 67082
1678157212 67129
1678158099 67156
1678247133 67204
1678766175 68081
1678773067 68082
1678773093 68083
1678783473 68295
1678785077 68296
1678785135 68297
1678785195 68298
1678851447 68345
1678860527 68355
1678860807 68356
1678876097 68517
1678934130 68533
1678939106 68548
1678945160 68552
1678946662 68555
1678947434 68557
1678948126 68559
1678948231 68561
1678948818 68564
1678960144 68568
1679020581 68646
1679021379 68647
1679022999 68648
1679276500 68663
1679277573 68668
1679283334 68675
1679283925 68676
1679298834 68677
1679366962 68688
1679369428 68693
1679561834 69271
1679561992 69306
1679564296 69307
1679883038 69310
1679904796 69341
1679907541 69489
1679910028 69539
1679910135 69573
1679984460 69589
1679986660 69590
1679989030 69600
1680081055 69699
1680232095 69706
1680254966 69757
1680504092 69775
1680508828 69777
1680587382 69790
1681176290 69792
1681176729 69792
1681177124 69794
1681177457 69820
1681197296 69828
1681198863 69868
1681200459 69874
1681206299 69877
1681289268 69885
1681293682 69892
1681353121 69909
1681354563 69910
1681377708 71111
1681386903 71117
1681387164 71120
1681387644 71123
1681439282 71127
1681439636 71130
1681701576 71131
1681702427 71132
1681711901 71153
1681712184 71156
1681712433 71160
1681725797 71169
1681884070 71185
1681887241 71236
1681892664 71278
1681892997 71513
1681893019 71513
1681893551 71533
1681894336 71534
1681895904 71554
1681957133 71622
1681957213 71627
1681957455 71628
1681957682 71678
1681957755 71679
1681961840 71808
1681962935 71813
1681970372 71814
1682041997 71825
1682060583 71827
1682215935 71839
1682229800 71845
1682243999 71853
1682304854 71908
1682304874 71922
1682315987 71923
1682331375 71926
1682408013 71930
1682495387 71931
1682559934 71932
1682561868 71936
1682562874 71973
1682564186 72008
1682648467 72009
1682661470 72010
1682662864 72011
1682663237 72013
1683337164 72014
1683351279 72015
1683698924 72035
1683873794 72045
1683880298 72050
1684302337 72052
1684308569 72059
1684459829 72062
1684464001 72085
1684724846 72086
1684807515 72114
1684808924 72134
1684809841 72150
1684980215 72152
1685069296 72158
1685328434 72163
1685590167 81311
1685673122 81312
1686014384 81328
1686107575 87344
1686195778 87346
1686211672 87689
1686216653 87701
1686216933 87702
1686535014 87708
1686535222 87713
1686535592 87723
1686535742 87727
1686535870 87734
1686536075 87841
1686536223 87843
1686536446 87851
1686550601 87866
1686550631 87866
1686552326 87871
1686552349 87940
1686554159 88029
1686554553 88034
1686554697 88036
1686554787 88038
1686554932 88054
1686554991 88056
1686555164 88057
1686555222 88057
1686555265 88057
1686556930 88064
1686557188 88069
1686558150 88073
1686560323 88083
1686563294 88084
1686619454 88094
1686619623 88098
1686624165 88116
1686624284 88117
1686624360 88119
1686624696 88120
1686626071 88121
1686636365 88123
1686636763 88125
1686638097 88160
1686640351 88186
1686645313 88191
1686645361 88276
1686645459 88277
1686647248 88280
1686648845 88281
1686649469 88290
1686710225 88291
1686724354 88293
1686810019 88454
1686812194 88458
1687252323 88460
1688025386 92112
1688107293 92845
1688440247 92847
1688630395 94636
1688635641 94651
1688636748 94652
1688638632 94659
1688638748 94663
1688698008 95055
1688699305 95057
1688699631 95058
1688699718 95060
1688700656 95291
1688701496 95494
1688722692 95809
1688723812 95838
1688724082 95844
1688973818 95858
1689054947 95860
1689060678 95965
1689216189 95965
1689216204 95969
1689578393 95974
1689645855 96029
1689648099 96066
1689649998 96106
1689735808 96143
1689923045 96154
1690186536 96186
1690251993 96193
1690252035 96194
1690339345 96196
1690339565 96198
1690342012 96289
1690450908 96290
1690451079 96291
1690522521 96306
1690523494 96323
1690525182 96400
1690527551 96415
1690527803 96417
1690535604 96424
1690769874 96425
1690784175 96425
1690791334 96426
1691032318 96473
1691045161 96480
1691133552 96527
1691634331 96528
1691634396 96529
1691637128 96630
1692165671 96631
1692356968 96633
1692608246 96663
1692769932 96668
1692860539 96787
1693190685 96787
1693191116 96792
1693218926 96793
1693378075 96820
1693386672 97081
1693386918 97133
1693387116 97134
1693387901 97140
1693387983 97142
1693540447 97143
1693552092 97159
1693552258 97169
1693552569 97177
1693563029 97219
1693563196 97226
1693563288 97240
1693799930 97255
1694414873 97264
1694415611 97265
1694501849 97266
1695796993 97324
1696819767 97325
1697422093 97326
1697511637 97334
1697513178 97342
1697523105 97367
1697525989 97368
1698637799 97374
1698732836 97375
1699343302 97381
1699412527 97407
1699426917 97421
1699436956 97489
1699585785 98164
1699586199 98165
1699870402 98237
1699946179 98261
1699946218 98264
1700018488 99922
1700041122 99926
1700102348 99950
1700104192 99963
1700104268 99967
1700203872 99979
1700538986 100005
1700549492 100010
1700791613 100162
1701223788 100173
1701225648 100174
1701242866 100192
1701312355 100193
1702019884 100257
1702359418 100287
1702541342 100825
1702604870 100829
1702628503 101064
1702888995 101087
1703041445 101090
1703149473 101120
1703471815 101144
1703491069 101254
1703664096 101258
1704161573 101259
1704418385 101261
1704436816 101269
1704706147 101326
1704771169 101329
1704788172 101332
1704790652 101354
1704853366 101362
1704854380 102023
1704866462 102024
1704945300 102081
1704960704 102082
1705373766 102654
1705373786 102654
1705550100 102664
1705893220 102665
1706152050 102799
1706164157 102800
1706837053 102825
1706837314 102849
1706862402 102852
1706863406 102858
1707099829 102873
1708507027 102911
1708677893 103050
1708678532 103060
1709177853 103062
1709604222 103063
1709604351 103064
1710235806 103066
1710473740 103068
1710922390 103088
1712818516 103089
1712907854 103289
1713258412 103309
1713322235 103311
1713324861 103527
1713332476 103541
1713346901 103644
1713404332 103646
1713775775 103647
1713844831 103655
1713845352 103684
1713851471 103684
1713852689 103739
1713856263 103814
1714015252 104076
1714272786 104099
1714292190 104100
1715049366 104107
1715153966 104168
1715154070 104170
1715159824 104177
1715673722 104297
1715742409 104301
1715742807 104309
1718180810 104333
