1596105886 34
1596105910 1037
1596105931 1088
1596437520 1073
1597026165 1073
1597660606 1179
1597669994 1199
1597825377 1224
1597825420 1353
1597825443 1350
1598163425 1340
1598345697 1380
1598345724 1407
1598448472 1667
1598527047 1783
1598926616 1828
1599041291 1830
1599042354 1822
1599043124 1822
1599047507 1823
1599047876 1823
1599048761 1823
1599101318 1900
1599107836 1903
1599108250 1919
1599108836 1923
1599113110 1944
1599115755 1976
1599116845 1975
1599122650 1928
1599122996 1929
1599123435 1932
1599124207 1815
1599125775 1815
1599127082 1816
1599187130 1811
1599206547 1810
1599206562 1878
1599453110 1649
1599453249 1982
1599468902 1990
1599470450 1981
1599470696 2012
1599474623 2262
1599565169 3214
1599565355 3219
1599634522 3328
1599727954 3384
1599728570 3384
1599737160 3410
1599791212 3562
1600224266 3536
1600224341 3530
1600226258 3894
1600229792 3638
1600229863 3632
1600230035 3632
1600253000 3894
1600254261 3892
1600316546 3891
1600399196 3891
1600399205 3969
1600425769 3969
1600679288 3973
1600745314 3968
1600760203 3960
1600764317 3954
1600764565 3967
1600768645 3969
1600768908 3968
1600826238 3968
1600828182 4007
1600835271 4005
1600843077 4040
1600855108 4049
1600855120 4048
1600943154 4827
1601002710 4834
1601003642 4834
1601005117 4842
1601006404 4842
1601024614 4908
1601024777 4908
1601033284 4911
1601034747 4910
1601176509 4935
1601194357 4934
1601194382 4945
1601194394 7406
1601200080 7403
1601286847 7773
1601286866 7774
1601288872 7774
1602208734 7774
1602234273 7774
1602234783 7774
1602483673 7887
1602490726 7880
1602558347 7892
1602562376 7895
1602579378 8569
1602642283 8568
1602648786 8691
1602649897 8692
1602656599 8692
1602664330 8731
1602671368 8731
1603698072 8731
1603766027 8731
1603766079 8731
1603766877 8731
1603867699 8732
1603875843 8781
1603876939 8774
1603879277 8775
1603879768 8956
1603882544 8957
1604283672 9190
1604317003 9262
1604322172 9217
1604372055 9233
1604374114 9234
1604377494 9234
1604400719 9234
1604407379 9390
1604480750 9480
1604559624 9480
1604649187 9534
1604653610 9536
1604657409 9537
1604657729 9538
1604889367 9538
1604889456 9538
1604891292 9538
1604902854 9538
1604989696 9541
1604996949 9541
1604997406 9541
1604999606 9547
1605000756 9551
1605000846 9552
1605002567 9551
1605003597 9558
1605083919 9779
1605088594 9774
1605096032 10058
1605493782 10059
1605497188 10061
1605498009 10391
1605579327 7990
1605593951 7990
1605602226 7997
1606060343 7981
1606098301 7977
1606100569 7982
1606122165 7964
1606125826 7967
1606199135 7967
1606208212 7966
1606285113 7971
1606294796 7971
1606363490 7972
1606442588 7980
1606473503 7999
1606720197 8046
1606805527 8046
1606805803 8043
1606998101 8116
1607051147 8157
1607072938 8157
1607072944 8157
1607079070 8157
1607080093 8157
1607308776 8157
1607308787 8161
1607312357 8050
1607339169 8162
1607339402 8163
1607392614 8165
1607417117 8168
1607423067 8164
1607425218 8165
1607583324 8039
1607583467 8161
1607585636 8161
1607656483 8162
1607658191 8178
1607670007 8207
1607672782 8214
1607673180 8214
1607935467 8232
1607936479 8283
1608284277 8284
1608889648 8288
1608891485 8288
1608891664 8288
1608892224 8288
1608892289 8288
1609121495 8288
1609208162 8294
1609295595 8294
1609317312 8298
1609395745 8302
1609402240 8316
1609816366 8323
1609988501 7166
1609989347 7176
1609992364 7235
1609993552 7235
1610000469 7285
1610004860 7285
1610005786 7305
1610006690 7305
1610011035 7319
1610011942 7328
1610016182 7932
1610077721 7941
1610418285 8121
1610420271 8041
1610421689 8041
1610443206 8063
1611042300 8464
1611042386 8563
1611042798 8565
1611043009 8565
1611046586 8575
1611046636 8567
1611047778 8570
1611048448 8574
1611048570 8574
1611049830 8614
1611050972 8606
1611051745 8606
1611051944 8621
1611052303 8627
1611055645 8628
1611112444 8659
1611115247 8659
1611128580 8656
1611196613 8635
1611197110 8636
1611202320 8448
1611226381 8462
1611229056 8466
1611231247 8486
1611234030 8460
1611236117 8447
1611236136 8457
1611236474 8457
1611237028 8457
1611284696 8461
1611296576 8441
1611543423 8443
1611544784 8444
1611555312 8446
1611576469 8607
1611821739 8593
1611829981 8549
1611888415 8553
1611891599 8555
1611903222 8555
1612267768 8605
1612341016 8605
1613719341 8605
1613725184 8607
1613729292 8631
1613815515 8765
1613957272 8854
1614074880 8977
1614075469 8977
1614076309 8977
1614076676 8973
1614305349 8973
1614305588 8973
1614563671 8873
1614583002 8783
1614756344 8811
1614756373 8860
1614829110 8860
1614830146 8863
1614836670 8862
1615189906 8862
1615197577 8913
1615205168 8915
1615261184 8917
1615270765 8917
1615271305 8917
1615272028 8931
1615276640 8931
1615276772 8929
1615280817 8948
1615340498 8953
1615518041 8960
1615528784 8958
1616034922 8984
1616036104 8984
1616036228 8991
1616036370 8984
1616036433 8983
1616037616 8985
1616053116 9649
1616134768 9649
1616134808 9649
1616148099 9744
1616148362 9720
1616379592 9724
1616395736 9724
1616395857 9724
1616400185 9956
1616567867 9980
1616753279 9980
1616753483 9980
1617001269 9981
1617262818 10023
1617673304 10025
1617688500 10023
1617765317 10030
1617765359 10043
1617777269 10043
1617851941 10045
1618285040 11076
1618372256 11076
1618452415 11076
1618453978 11076
1618537029 11075
1618545581 12124
1618811628 12124
1618812754 12162
1618813083 12154
1618990040 12155
1619057599 12158
1619059847 12158
1619077442 12203
1619159435 12207
1619159597 12214
1619161763 12216
1619599223 12255
1619660867 12290
1619749692 12321
1620292964 12341
1620633307 12360
1620726006 12481
1620726342 12478
1620726674 12478
1620727892 12483
1620814425 12732
1620815227 12746
1620876443 12748
1620888383 12793
1620890588 12793
1620893203 12793
1620897396 12797
1620959199 12802
1620983863 12805
1621302913 12805
1621561922 12809
1621911531 12821
1621938541 13700
1621939159 13828
1621993543 13839
1622010270 13876
1622084922 13877
1622085635 13880
1622433260 13880
1622788232 14262
1623221573 15162
1623228274 15213
1623232387 15208
1623232642 15206
1623233342 15206
1623233455 15206
1623233694 15212
1623290863 15490
1623291198 15488
1623291485 15488
1623291751 15492
1623292331 15492
1623292711 15495
1623293975 15494
1623307677 15494
1623311450 15494
1623722516 15494
1623723528 15499
1623724067 15498
1623809780 15499
1623832094 15796
1623917009 15810
1623987495 15815
1623987560 15835
1623988642 15835
1624269402 16292
1624327052 16296
1624349708 16309
1624413268 16312
1624526480 16314
1624612614 16314
1624621485 16580
1624701717 16580
1624769184 16580
1625018088 16596
1625109524 16598
1625109670 16604
1625196861 16634
1625214482 17548
1625456050 17565
1625476241 17665
1625476437 17668
1625476582 17670
1625476729 17670
1625539367 17893
1625540630 17918
1625541054 17918
1625541351 17918
1626075243 17948
1626357114 18062
1626403079 18122
1626407242 18181
1626416470 18197
1626425594 18199
1626659344 18235
1626661939 18224
1626662017 18227
1626662728 18227
1626674056 18230
1626850841 17919
1626850895 17927
1627294480 18579
1627352155 18624
1627352582 18624
1627365808 18625
1627365910 18625
1627366646 18625
1627373068 18650
1627458128 18650
1627458771 18653
1627528299 18667
1627528731 18667
1627529479 18675
1627530416 18676
1627955953 18699
1627956264 18702
1627970982 18709
1628056589 18710
1628128460 18711
1628131390 18774
1628214661 18776
1628219192 18776
1628242150 18985
1628243556 18974
1628475211 19046
1628737438 19048
1628837011 19057
1629024892 19196
1629101224 19197
1629186377 19203
1629340561 19204
1629366311 19205
1629423451 19205
1629446102 19209
1629446989 19215
1629450208 19252
1629701283 19254
1629796265 19254
1629888895 19433
1629964777 19438
1629964798 19444
1630058230 19444
1630374565 19452
1630399552 19486
1630478360 19514
1630549866 19584
1630550531 19585
1630554054 19584
1630562299 19605
1630562574 19605
1630648585 19605
1630656500 19606
1630892739 19606
1630915767 19608
1631091339 19628
1631175444 19642
1631177251 19642
1631263974 19647
1631527719 19649
1631613137 19844
1631701018 19844
1631702552 19851
1631928879 19898
1632402979 20181
1632798192 20196
1634021729 20358
1634022430 20365
1634289217 20370
1634639961 20412
1634640496 20412
1634800527 20443
1634888675 20448
1635153815 20454
1635306185 20482
1635413038 20482
1635413585 20484
1635489514 20480
1635492764 20480
1635735422 20478
1636956796 21516
1637224398 22068
1637638490 22184
1637742123 22184
1637890832 22188
1638179998 22251
1638256840 22288
1638352415 22285
1638355207 22287
1638774619 22287
1638777849 22288
1639019735 22384
1639557470 22413
1639625754 22413
1639638389 22445
1639641396 22445
1640054626 22474
1640054642 22653
1640167688 22653
1640168733 22654
1640250170 22778
1640593613 22770
1640671168 22770
1640855354 24088
1640855955 24088
1640942343 24086
1641282741 24479
1641284120 24487
1641355247 24534
1641372444 24541
1641391311 24540
1641435412 24539
1641536647 24635
1641540751 24639
1641541384 24641
1641800541 24642
1641873072 24648
1641873149 24663
1641881003 24671
1641958060 24671
1642043186 24665
1642045930 24666
1642063436 24667
1642067088 24669
1642141034 24670
1642484625 24698
1642573693 24891
1642736789 24886
1644199996 24892
1644200076 24959
1644200105 24964
1644286881 24970
1644371870 24971
1644372951 25250
1644387310 25312
1644567436 25867
1644568995 25868
1644569242 25869
1644569963 25921
1644570124 25921
1644653712 25873
1644659876 26063
1644661650 26075
1644662355 26076
1644666874 26079
1644723893 26088
1644729879 26094
1644733070 26101
1644734281 26104
1644739527 26134
1644739597 26134
1644740669 26139
1644741174 26138
1644817472 26138
1644904720 26138
1645013447 26137
1645082410 26139
1645148305 26326
1645148754 26326
1645173338 26378
1645177877 26374
1645428305 26660
1645434199 26671
1645435219 26671
1645436132 26673
1645436488 26673
1646027716 26740
1646039622 26740
1646205259 26750
1646205366 27041
1646289189 27041
1646633216 27192
1646643530 27219
1646789579 27390
1646805834 27390
1646891413 27456
1646962447 27463
1646964296 27464
1646990303 27489
1647245746 27508
1647250233 27664
1647332036 27684
1647333133 27684
1647333796 27684
1647334125 27688
1647418715 28494
1647419840 28503
1647419964 28503
1647482275 28503
1647502079 28654
1647566931 28933
1647571276 28949
1647574034 28957
1647591772 29005
1647594054 29008
1647596538 29012
1647828214 29017
1647828389 29017
1647849069 29057
1648088132 29087
1648102432 29093
1648193585 29136
1648548058 29139
1648632866 29135
1648894614 29284
1649208434 29316
1649208530 29320
1649226871 29310
1649380852 29524
1649383165 29525
1649405692 29526
1649407480 29526
1649659137 29531
1649735179 29618
1649748373 29621
1649748458 29621
1649748874 29623
1649756713 29635
1649758068 29621
1649818360 29627
1649822546 29892
1649899538 29919
1649901273 29923
1649908323 29941
1649921810 29942
1649992137 29939
1650267178 29941
1650268518 29974
1650443732 29974
1650444765 29983
1650617372 29989
1650958988 30042
1650959879 30042
1651223213 30042
1651736014 30053
1652068021 31384
1652086687 31407
1652172519 31407
1652253726 31425
1652695240 31425
1652695477 31432
1652749768 31434
1652767585 31343
1652840704 31353
1652852138 31355
1652944307 31357
1653361401 31357
1653379795 31378
1653633299 31374
1653893491 31370
1653894291 31371
1654075327 31375
1654133968 31375
1654138791 31378
1654583370 31377
1654667010 31377
1654669966 31392
1654677496 30794
1654743167 30810
1654745823 30812
1654746761 30813
1654840310 30812
1654853494 30812
1655178821 30944
1655190845 30941
1655191819 30945
1655194378 30943
1655359743 30943
1655359847 30909
1655709613 30913
1655880560 30914
1655881441 30914
1655892899 30923
1656482106 31051
1656484285 31051
1656489249 31055
1656491056 31064
1657006638 31066
1657013982 31070
1657014877 31070
1657161643 31082
1657265755 31086
1657503888 31086
1657514241 31089
1657527939 31087
1657595547 31101
1658132315 31150
1658990209 31153
1658993959 31523
1659338759 31531
1659339042 31527
1659429862 31564
1659595635 31566
1659596324 31572
1659597698 31572
1659599009 31578
1659679371 31578
1659686122 31578
1659696781 31578
1660096715 31578
1660189932 31590
1660630742 31676
1660706628 31684
1660875780 31709
1661133426 31711
1661502913 31726
1661506033 31730
1661928856 31730
1661997814 31730
1662456326 31792
1662706913 31792
1662707023 31792
1662707343 31792
1663137962 31797
1663748455 31820
1663748503 31822
1663900089 31818
1663925535 31847
1664173042 31851
1664259043 31851
1665198567 31851
1665295167 31886
1665302637 31886
1665303279 31887
1665372559 31892
1665372618 31890
1665557637 31892
1666079593 31892
1666163594 31906
1666174059 31950
1666236643 31969
1666253269 31972
1666256239 31973
1666258771 31973
1666260874 31977
1666691846 31977
1666697360 31966
1666697838 31982
1666697958 31982
1666858178 32088
1666858656 32100
1666872031 32100
1666925303 32106
1667358402 32109
1667441567 32112
1667531707 32112
1667803864 32124
1667871252 33652
1667888400 33651
1667890207 33653
1667892212 33658
1667980927 33658
1668050486 33702
1668062004 33706
1668156599 33705
1668414203 33773
1668414404 33775
1668484403 33779
1668489952 33779
1668581789 33763
1668734832 33763
1669882040 33878
1669882094 33845
1669882177 33849
1669882188 33867
1669967805 33952
1669968121 33951
1669968286 33951
1669969900 33962
1669972276 33961
1669972876 34016
1669974778 34016
1669975554 34014
1670206844 34049
1670221605 34049
1670295753 34545
1670306740 34546
1670314793 34556
1670551347 34556
1670644394 34556
1670901780 34561
1671074839 34565
1671586077 34835
1671586541 34839
1672127798 34839
1672299265 34839
1672901691 34869
1672904869 34911
1672972570 34920
1672987679 34970
1673345298 36190
1673353455 36198
1673355943 36198
1673359619 36201
1673526955 36201
1674982142 36203
1675240473 36210
1675652342 36219
1675674444 36220
1675738464 36228
1675823785 36232
1675824653 36222
1676023601 36224
1676368410 36225
1676370272 36234
1676370405 36234
1676371072 36244
1676442438 36244
1676531393 36244
1676616554 36245
1676965834 36257
1677491155 36257
1677575181 36258
1677822642 36857
1678073627 36924
1678085164 36925
1678157212 36960
1678158099 36972
1678247133 37002
1678766175 37874
1678773067 37874
1678773093 37874
1678783473 37943
1678785077 37943
1678785135 37943
1678785195 37943
1678851447 37981
1678860527 37990
1678860807 37990
1678876097 38111
1678934130 38118
1678939106 38133
1678945160 38135
1678946662 38138
1678947434 38140
1678948126 38140
1678948231 38140
1678948818 38142
1678960144 38143
1679020581 38215
1679021379 38215
1679022999 38215
1679276500 38230
1679277573 38233
1679283334 38236
1679283925 38236
1679298834 38236
1679366962 38246
1679369428 38247
1679561834 38313
1679561992 38313
1679564296 38312
1679883038 38312
1679904796 38322
1679907541 38393
1679910028 38394
1679910135 38394
1679984460 38405
1679986660 38406
1679989030 38412
1680081055 38511
1680232095 38518
1680254966 38564
1680504092 38580
1680508828 38579
1680587382 38581
1681176290 38581
1681176729 38574
1681177124 38576
1681177457 38596
1681197296 38593
1681198863 38629
1681200459 38632
1681206299 38632
1681289268 38638
1681293682 38642
1681353121 38650
1681354563 38651
1681377708 39723
1681386903 39726
1681387164 39725
1681387644 39724
1681439282 39726
1681439636 39727
1681701576 39726
1681702427 39726
1681711901 39745
1681712184 39748
1681712433 39751
1681725797 39755
1681884070 39770
1681887241 39815
1681892664 39834
1681892997 40065
1681893019 40086
1681893551 40086
1681894336 40065
1681895904 40066
1681957133 40133
1681957213 40134
1681957455 40135
1681957682 40133
1681957755 40133
1681961840 40244
1681962935 40248
1681970372 40248
1682041997 40259
1682060583 40259
1682215935 40271
1682229800 40277
1682243999 40283
1682304854 40324
1682304874 40324
1682315987 40325
1682331375 40327
1682408013 40327
1682495387 40327
1682559934 40327
1682561868 40330
1682562874 40321
1682564186 40320
1682648467 40312
1682661470 40312
1682662864 40312
1682663237 40312
1683337164 40312
1683351279 40312
1683698924 40329
1683873794 40339
1683880298 40336
1684302337 40337
1684308569 40343
1684459829 40344
1684464001 40349
1684724846 40349
1684807515 40350
1684808924 40364
1684809841 40377
1684980215 40379
1685069296 40385
1685328434 40370
1685590167 49518
1685673122 49518
1686014384 49526
1686107575 55519
1686550601 55534
1686550631 55511
1686552326 55512
1686552349 55581
1686554159 55647
1686554553 55649
1686554697 55649
1686554787 55651
1686554932 55667
1686554991 55667
1686555164 55667
1686555222 55666
1686555265 55665
1686556930 55672
1686557188 55676
1686558150 55676
1686560323 55676
1686563294 55677
1686619454 55683
1686619623 55685
1686624165 55669
1686624284 55669
1686624360 55670
1686624696 55670
1686626071 55670
1686636365 55672
1686636763 55673
1686638097 55703
1686640351 55724
1686645313 55727
1686645361 55767
1686645459 55767
1686647248 55768
1686648845 55769
1686649469 55772
1686710225 55772
1686724354 55772
1686810019 55804
1686812194 55803
1687252323 55803
1688025386 59379
1688107293 60112
1688440247 60112
1688630395 61854
1688635641 61868
1688636748 61869
1688638632 61858
1688638748 61860
1688698008 62224
1688699305 62226
1688699631 62226
1688699718 62227
1688700656 62458
1688701496 62472
1688722692 62562
1688723812 62590
1688724082 62595
1688973818 62564
1689054947 62565
1689060678 62663
1689216189 62659
1689216204 62663
1689578393 62667
1689645855 62651
1689648099 62639
1689649998 62679
1689735808 62716
1689923045 62718
1690186536 62744
1690251993 62746
1690252035 62746
1690339345 62747
1690339565 62747
1690342012 62719
1690450908 62719
1690451079 62719
1690522521 62732
1690523494 62738
1690525182 62738
1690527551 62733
1690527803 62733
1690535604 62731
1690769874 62731
1690784175 62727
1690791334 62727
1691032318 62769
1691045161 62774
1691133552 62820
1691634331 62820
1691634396 62820
1691637128 62920
1692165671 62920
1692356968 62921
1692608246 62945
1692769932 62945
1692860539 63030
1693190685 63029
1693191116 63030
1693218926 63030
1693378075 63053
1693386672 63306
1693386918 63358
1693387116 63359
1693387901 63363
1693387983 63365
1693540447 63366
1693552092 63374
1693552258 63382
1693552569 63382
1693563029 63418
1693563196 63412
1693563288 63413
1693799930 63421
1694414873 63430
1694415611 63430
1694501849 63430
1695796993 63487
1696819767 63488
1697422093 63488
1697511637 63492
1697513178 63496
1697523105 63511
1697525989 63511
1698637799 63511
1698732836 63511
1699343302 63510
1699412527 63536
1699426917 63548
1699436956 63614
1699585785 64227
1699586199 64227
1699870402 64299
1699946179 64300
1699946218 64300
1700018488 65958
1700041122 65951
1700102348 65974
1700104192 65985
1700104268 65987
1700203872 65987
1700538986 66010
1700549492 66013
1700791613 65871
1701223788 65881
1701225648 65881
1701242866 65877
1701312355 65708
1702019884 65771
1702359418 65799
1702541342 66263
1702604870 66265
1702628503 66459
1702888995 66463
1703041445 66463
1703149473 66474
1703471815 66493
1703491069 66529
1703664096 66531
1704161573 66532
1704418385 66533
1704436816 66533
1704706147 66525
1704771169 66527
1704788172 66527
1704790652 66541
1704853366 66541
1704854380 67199
1704866462 67198
1704945300 67216
1704960704 67217
1705373766 67783
1705373786 67776
1705550100 67786
1705893220 67786
1706152050 67918
1706164157 67918
1706837053 67919
1706837314 67918
1706862402 67918
1706863406 67920
1707099829 67934
1708507027 67947
1708677893 68078
1708678532 68086
1709177853 68086
1709604222 68087
1709604351 68088
1710235806 68088
1710473740 68090
1710922390 68109
1712818516 68110
1712907854 68271
1713258412 68284
1713322235 68286
1713324861 68438
1713332476 68449
1713346901 68472
1713404332 68472
1713775775 68472
1713844831 68476
1713845352 68505
1713851471 68470
1713852689 68519
1713856263 68403
1714015252 68553
1714272786 68571
1714292190 68572
1715049366 68571
1715153966 68474
1715154070 68468
1715159824 68469
1715673722 68519
1715742409 68522
1715742807 68522
1718180810 68530
