1595241738 0 1
1595305427 1 1
1595335745 2 1
1595383143 3 1
1595415855 4 1
1595474891 5 1
1595844523 6 1
1596106052 7 1
1597660684 8 1
1597670055 9 1
1598175228 10 1
1598175531 11 1
1598948049 12 1
1599453172 13 1
1599453316 14 1
1599618513 15 1
1599618708 16 1
1599621389 17 1
1599634323 18 1
1600399258 19 1
1601005303 20 1
1605097126 21 1
1606995332 22 1
1607339454 23 1
1607583594 24 1
1607585761 25 1
1609402340 26 1
1611202338 27 1
1611284739 28 1
1615197727 29 1
1615205200 30 1
1615518132 31 1
1615528825 32 1
1617262873 33 1
1619599274 34 1
1628243594 35 1
1629965034 36 1
1635306498 37 1
1635413647 38 1
1636706502 39 1
1636707381 40 1
1637222877 41 1
1637742310 42 1
1638174479 43 1
1638256706 44 1
1638327982 45 1
1638523237 45 2
1639449017 46 2
1639451669 47 2
1640054466 48 2
1645686876 49 2
1646027687 50 2
1646289603 51 2
1646635192 52 2
1646882127 53 2
1647853530 54 2
1649404596 55 2
1649407346 56 2
1649758413 57 2
1649758717 58 2
1649822692 59 2
1649992883 60 2
1652767502 61 2
1656490951 62 2
1658990164 63 2
1660189815 64 2
1663226662 65 2
1667375056 66 2
1667380810 67 2
1669018861 68 2
1669712618 69 2
1670221141 70 2
1680509241 71 2
1688027008 72 2
1691045268 73 2
1697766122 74 2
1699501734 75 2
1709531780 76 2
1709794236 77 2
