1571901992 1
1571912439 2
1571914539 3
1571916169 4
1571988124 5
1571994936 6
1571996446 7
1572252020 8
1572257442 9
1572309598 10
1572312952 11
1572347330 12
1572419725 13
1572433928 14
1572504352 15
1572861120 16
1573009133 17
1573034662 18
1573109349 19
1573115804 20
1573118321 21
1573180210 22
1573193644 23
1573195934 24
1573203899 25
1573208003 26
1573453653 27
1573470296 28
1573543175 29
1573547588 30
1573612040 31
1573619981 32
1573699137 33
1574145489 34
1574220374 35
1574220771 36
1574242424 37
1574243210 38
1574306729 39
1574307732 40
1574318271 41
1574323468 42
1574651439 43
1575458482 44
1576742873 45
1576810977 46
1576813663 47
1576816324 48
1576822715 49
1576831181 50
1576838259 51
1577082697 52
1577091129 53
1577091399 54
1577153304 55
1577175487 56
1577177400 57
1577243383 58
1577262698 59
1577262803 60
1577265284 61
1577341899 62
1577344001 63
1577353049 64
1577675191 65
1577693563 66
1577694585 67
1577696750 68
1577697609 69
1577707915 70
1577708161 71
1577757952 72
1577764079 73
1577773307 74
1577952209 75
1578019758 76
1578035348 77
1578036045 78
1578382371 79
1578555100 80
1580278631 81
1580278791 82
1580278860 83
1580279633 84
1580280213 85
1580280453 86
1580280962 87
1580281424 88
1580281514 89
1580283022 90
1580360828 91
1580532851 92
1580533985 93
1580826841 94
1580891809 95
1580902842 96
1580903049 97
1580903386 98
1581085086 99
1581087450 100
1581174021 101
1581316084 102
1581316387 103
1581340997 104
1581342386 105
1581404576 106
1581421134 107
1581423866 108
1581479969 109
1581513685 110
1581515796 111
1581516997 112
1581518350 113
1582112279 114
1582122280 115
1582615904 116
1582773947 117
1582968753 118
1582969899 119
1582975698 120
1583131725 121
1583134421 122
1583135271 123
1583141320 124
1583150545 125
1583209182 126
1583233366 127
1583253741 128
1583376023 129
1583377829 130
1583759552 131
1583805392 132
1583806631 133
1583806715 134
1583832461 135
1583832673 136
1583892691 137
1583893698 138
1583912958 139
1584089454 140
1584610205 141
1586258506 142
1586328594 143
1586428104 144
1586487194 145
1586958543 146
1587095728 147
1588073788 148
1589853456 149
1589872024 150
1589879217 151
1589879779 152
1589939524 153
1589973110 154
1589973313 155
1590563439 156
1591169560 157
1591169945 158
1591177196 159
1591261622 160
1592548169 161
1592552219 162
1593483941 163
1593509386 164
1594035017 165
1594113635 166
1594182298 167
1595230131 168
1595239296 169
1595295858 170
1595295930 171
1595296238 172
1595296719 173
1595298304 174
1595298721 175
1595298905 176
1595299369 177
1595304265 178
1596105721 179
1596105818 180
1596424571 181
1596514995 182
1596600848 183
1596698304 184
1597660554 185
1598175062 186
1598947707 187
1599453077 188
1599453212 189
1599474877 190
1600399142 191
1600425450 192
1600843102 193
1601005093 194
1605095608 195
1606106183 196
1607339337 197
1607583267 198
1607585587 199
1608189179 200
1608190275 201
1608192315 202
1608277786 203
1609128390 204
1609142931 205
1609235108 206
1609328075 207
1609402198 208
1609840397 209
1610439456 210
1611133577 211
1611201171 212
1611202296 213
1611284657 214
1611296529 215
1612259866 216
1612264771 217
1614067304 218
1615197550 219
1615205147 220
1615518029 221
1615528733 222
1617262804 223
1619599208 224
1621472812 225
1621479494 226
1626851625 227
1628243530 228
1629964753 229
1635306150 230
1635413536 231
1636016342 232
1636688194 233
1636707960 234
1637225154 235
1637742057 236
1638174553 237
1638256877 238
1638328010 239
1639043290 240
1640054381 241
1646028133 242
1646387006 243
1646793323 244
1647500872 245
1647572458 246
1648458145 247
1649407545 248
1649758146 249
1649822471 250
1649992173 251
1652767255 252
1655882805 253
1656491073 254
1658990224 255
1660189973 256
1662703718 257
1663036828 258
1663226779 259
1663227202 260
1666167104 261
1666594710 262
1666595196 263
1666595528 264
1669023556 265
1669700888 266
1672799249 267
1672817069 268
1680508772 269
1685092489 270
1688026580 271
1688026813 272
1691045056 273
1695693520 274
1695716238 275
1695717782 276
1702624676 277
1703149441 278
1705917122 279
1705990113 280
1710408929 281
