1571901992 5777
1571912439 6025
1571914539 6026
1571916169 6026
1571988124 6027
1571994936 6073
1571996446 6097
1572252020 6097
1572257442 6098
1572309598 6098
1572312952 6098
1572347330 6191
1572419725 6324
1572433928 6865
1572504352 7088
1572861120 7131
1573009133 7623
1573034662 7981
1573109349 7956
1573115804 8523
1573118321 9706
1573180210 9730
1573193644 9737
1573195934 9754
1573203899 9754
1573208003 9773
1573453653 9912
1573470296 9965
1573543175 10139
1573547588 10377
1573612040 10377
1573619981 10378
1573699137 11577
1574145489 11624
1574220374 16047
1574220771 16043
1574242424 16248
1574243210 16245
1574306729 16252
1574307732 16319
1574318271 16303
1574323468 16310
1574651439 16311
1575458482 16312
1576742873 16314
1576810977 16437
1576813663 16439
1576816324 16443
1576822715 16441
1576831181 16445
1576838259 16562
1577082697 16614
1577091129 16624
1577091399 16621
1577153304 16650
1577175487 16683
1577177400 16684
1577243383 16665
1577262698 16695
1577262803 16698
1577265284 16707
1577341899 16735
1577344001 16736
1577353049 16736
1577675191 16736
1577693563 16512
1577694585 16546
1577696750 16628
1577697609 16642
1577707915 17190
1577708161 17436
1577757952 17436
1577764079 17190
1577773307 17197
1577952209 17224
1578019758 17233
1578035348 17233
1578036045 17233
1578382371 17102
1578555100 17055
1580278631 17197
1580278791 17195
1580278860 17195
1580279633 17196
1580280213 17196
1580280453 17196
1580280962 17198
1580281424 17200
1580281514 17198
1580283022 17198
1580360828 17205
1580532851 17205
1580533985 17206
1580826841 17372
1580891809 17374
1580902842 17374
1580903049 17377
1580903386 17374
1581085086 17409
1581087450 17410
1581174021 17472
1581316084 17487
1581316387 17488
1581340997 17488
1581342386 17442
1581404576 17442
1581421134 17441
1581423866 17435
1581479969 17435
1581513685 17437
1581515796 17439
1581516997 17437
1581518350 17439
1582112279 17440
1582122280 17443
1582615904 18123
1582773947 18270
1582968753 18273
1582969899 18274
1582975698 18274
1583131725 18276
1583134421 18276
1583135271 18276
1583141320 18278
1583150545 18581
1583209182 18578
1583233366 18579
1583253741 18579
1583376023 18585
1583377829 18584
1583759552 21318
1583805392 21318
1583806631 21319
1583806715 21319
1583832461 20239
1583832673 20239
1583892691 20241
1583893698 20245
1583912958 24846
1584089454 24850
1584610205 24850
1586258506 24803
1586328594 24945
1586428104 25020
1586487194 25020
1586958543 25188
1587095728 26022
1588073788 27008
1589853456 27113
1589872024 27115
1589879217 27248
1589879779 27244
1589939524 27316
1589973110 27328
1589973313 27329
1590563439 27445
1591169560 26571
1591169945 26571
1591177196 26654
1591261622 26684
1592548169 26719
1592552219 26723
1593483941 26752
1593509386 26871
1594035017 26918
1594113635 26918
1594182298 26926
1595230131 26952
1595239296 27130
1595295858 27133
1595295930 27137
1595296238 27138
1595296719 27136
1595298304 27139
1595298721 27139
1595298905 27139
1595299369 27142
1595304265 27161
1596105721 26325
1596105818 26325
1596424571 26332
1596514995 26372
1596600848 26394
1596698304 26399
1597660554 26541
1598175062 26661
1598947707 27212
1599453077 26784
1599453212 27149
1599474877 27150
1600399142 27156
1600425450 27156
1600843102 27198
1601005093 27208
1605095608 27475
1606106183 27541
1607339337 27543
1607583267 27416
1607585587 27416
1608189179 27501
1608190275 27504
1608192315 27504
1608277786 27498
1609128390 27498
1609142931 27501
1609235108 27661
1609328075 27667
1609402198 27681
1609840397 27682
1610439456 27689
1611133577 27690
1611201171 27690
1611202296 27526
1611284657 27510
1611296529 27490
1612259866 28777
1612264771 29158
1614067304 29252
1615197550 29303
1615205147 29305
1615518029 29312
1615528733 29310
1617262804 29352
1619599208 29391
1621472812 29478
1621479494 29547
1626851625 29575
1628243530 29564
1629964753 29569
1635306150 29597
1635413536 29599
1636016342 29699
1636688194 29705
1636707960 29701
1637225154 29821
1637742057 29821
1638174553 29823
1638256877 29859
1638328010 29859
1639043290 31310
1640054381 31339
1646028133 31379
1646387006 31471
1646793323 31711
1647500872 31779
1647572458 31631
1648458145 31629
1649407545 31629
1649758146 31615
1649822471 31880
1649992173 31877
1652767255 31786
1655882805 31784
1656491073 31793
1658990224 31796
1660189973 31808
1662703718 31836
1663036828 31912
1663226779 31924
1663227202 31928
1666167104 31952
1666594710 31980
1666595196 31968
1666595528 31968
1669023556 31952
1669700888 32406
1672799249 32406
1672817069 32408
1680508772 32408
1685092489 32408
1688026580 32486
1688026813 32487
1691045056 32492
1695693520 33113
1695716238 33257
1695717782 33222
1702624676 33302
1703149441 34364
1705917122 36868
1705990113 36878
1710408929 36878
