1571901992 5777
1571912439 6084
1571914539 6093
1571916169 6094
1571988124 6100
1571994936 6150
1571996446 6176
1572252020 6177
1572257442 6201
1572309598 6203
1572312952 6206
1572347330 6304
1572419725 6535
1572433928 7210
1572504352 7522
1572861120 7565
1573009133 8249
1573034662 8799
1573109349 8912
1573115804 9493
1573118321 10706
1573180210 10773
1573193644 11082
1573195934 11106
1573203899 11107
1573208003 11136
1573453653 12193
1573470296 12281
1573543175 12528
1573547588 12772
1573612040 12843
1573619981 12896
1573699137 14133
1574145489 14294
1574220374 19813
1574220771 19833
1574242424 23653
1574243210 23673
1574306729 23759
1574307732 23880
1574318271 23891
1574323468 23899
1574651439 23907
1575458482 23910
1576742873 23913
1576810977 24036
1576813663 24040
1576816324 24044
1576822715 24048
1576831181 24053
1576838259 24212
1577082697 24283
1577091129 24293
1577091399 24304
1577153304 24370
1577175487 24646
1577177400 24655
1577243383 24716
1577262698 24756
1577262803 24762
1577265284 24780
1577341899 24834
1577344001 24837
1577353049 24839
1577675191 24840
1577693563 24955
1577694585 25002
1577696750 25225
1577697609 25239
1577707915 25873
1577708161 26167
1577757952 26169
1577764079 26209
1577773307 26216
1577952209 26302
1578019758 26315
1578035348 26333
1578036045 26335
1578382371 26343
1578555100 26428
1580278631 26599
1580278791 26599
1580278860 26601
1580279633 26603
1580280213 26604
1580280453 26605
1580280962 26607
1580281424 26611
1580281514 26611
1580283022 26612
1580360828 26620
1580532851 26621
1580533985 26623
1580826841 26793
1580891809 26795
1580902842 26796
1580903049 26799
1580903386 26799
1581085086 26855
1581087450 26857
1581174021 26936
1581316084 26988
1581316387 26997
1581340997 26998
1581342386 27097
1581404576 27121
1581421134 27128
1581423866 27130
1581479969 27150
1581513685 27158
1581515796 27160
1581516997 27174
1581518350 27178
1582112279 27184
1582122280 27189
1582615904 27872
1582773947 28021
1582968753 28040
1582969899 28042
1582975698 28046
1583131725 28048
1583134421 28049
1583135271 28050
1583141320 28054
1583150545 28357
1583209182 28376
1583233366 28383
1583253741 28398
1583376023 28414
1583377829 28417
1583759552 31153
1583805392 31155
1583806631 31160
1583806715 31162
1583832461 31167
1583832673 31168
1583892691 31175
1583893698 31185
1583912958 36842
1584089454 36853
1584610205 36854
1586258506 41089
1586328594 41231
1586428104 41323
1586487194 41326
1586958543 41495
1587095728 42329
1588073788 43372
1589853456 43504
1589872024 43512
1589879217 43647
1589879779 43651
1589939524 43725
1589973110 43753
1589973313 43767
1590563439 43902
1591169560 44561
1591169945 44562
1591177196 44719
1591261622 44867
1592548169 44915
1592552219 44926
1593483941 44976
1593509386 45095
1594035017 45208
1594113635 45210
1594182298 45220
1595230131 45246
1595239296 45427
1595295858 45430
1595295930 45435
1595296238 45436
1595296719 45438
1595298304 45443
1595298721 45447
1595298905 45451
1595299369 45460
1595304265 45503
1596105721 45703
1596105818 45704
1596424571 45712
1596514995 45822
1596600848 45852
1596698304 45863
1597660554 46194
1598175062 46482
1598947707 47045
1599453077 47711
1599453212 48076
1599474877 48077
1600399142 48083
1600425450 48083
1600843102 48219
1601005093 48353
1605095608 48806
1606106183 48874
1607339337 48881
1607583267 48974
1607585587 49032
1608189179 49118
1608190275 49124
1608192315 49125
1608277786 49131
1609128390 49133
1609142931 49136
1609235108 49296
1609328075 49342
1609402198 49362
1609840397 49364
1610439456 49371
1611133577 49380
1611201171 49383
1611202296 49882
1611284657 49905
1611296529 50017
1612259866 51304
1612264771 51859
1614067304 51953
1615197550 52027
1615205147 52032
1615518029 52048
1615528733 52048
1617262804 52111
1619599208 52157
1621472812 52248
1621479494 52323
1626851625 52351
1628243530 52357
1629964753 52368
1635306150 52400
1635413536 52405
1636016342 52521
1636688194 52539
1636707960 52553
1637225154 52712
1637742057 52713
1638174553 52725
1638256877 52763
1638328010 52764
1639043290 54218
1640054381 54249
1646028133 54300
1646387006 54393
1646793323 54643
1647500872 54725
1647572458 54735
1648458145 54741
1649407545 54742
1649758146 54807
1649822471 55224
1649992173 55239
1652767255 55404
1655882805 55411
1656491073 55436
1658990224 55445
1660189973 55458
1662703718 55486
1663036828 55562
1663226779 55574
1663227202 55582
1666167104 55637
1666594710 55675
1666595196 55699
1666595528 55703
1669023556 55705
1669700888 56159
1672799249 56167
1672817069 56205
1680508772 56206
1685092489 56212
1688026580 56320
1688026813 56321
1691045056 56328
1695693520 56959
1695716238 57128
1695717782 57198
1702624676 57278
1703149441 58354
1705917122 60859
1705990113 60903
1710408929 60905
