1607513490 7831
1607513614 7831
1607514114 7832
1607514260 7831
1607515093 7832
1607570598 7719
1607595858 7719
1607595865 7720
1607927203 7721
1607928500 7737
1607928796 7738
1608282048 7832
1609122738 7892
1609128105 7889
1609208256 7894
1609401870 8097
1609402035 8111
1609403691 8120
1609922446 8135
1611202325 7961
1611284707 7965
1611296583 7945
1611576638 8158
1611629298 8158
1611629565 8158
1611629766 8158
1611630153 8158
1611630374 8158
1611635214 8158
1611651598 8343
1611653108 8334
1612600032 8335
1613974059 8440
1613975364 8440
1613984097 8493
1615197584 8544
1615205172 8546
1615518062 8553
1615528789 8551
1615543011 8909
1616072142 8909
1616749235 9501
1616749256 9548
1617245998 9653
1617248089 9636
1617248872 9649
1617262317 9509
1617262421 9558
1617262451 9559
1617263015 9559
1617263024 9546
1617263330 9542
1618047962 9570
1618049771 9660
1618049940 9660
1618050119 9662
1618050336 9603
1618050931 9589
1618051933 9586
1618055491 9590
1618055905 9593
1618379694 8957
1618458031 8961
1619077502 9001
1619331537 9001
1619599238 9040
1619687932 9055
1620292704 9100
1620373315 9105
1620374217 9105
1621498579 9108
1621498588 9108
1621500611 9131
1621500767 9130
1621504130 9126
1621578731 9125
1621930646 9126
1622431834 9203
1622431966 9207
1622534616 9244
1622798323 9244
1622798879 9255
1622880654 9256
1623120990 9259
1625019119 9925
1625019149 9937
1625045620 9940
1625127955 9957
1625209054 9959
1625210829 9972
1626403131 9975
1628150710 9989
1628150732 10099
1628157447 10100
1628243560 10089
1628475548 10127
1628837027 10129
1628838512 10130
1629101190 10130
1629698150 10133
1629793399 10133
1629964864 10138
1635149709 10140
1635306197 10168
1635413597 10170
1636619349 10178
1637223902 10312
1637224316 10314
1637638577 10324
1637742150 10324
1638174532 10326
1638256823 10362
1638352408 10362
1648522020 10369
1648522040 10521
1648522136 10527
1648532160 10527
1648870895 10475
1648870919 10474
1648871005 10474
1648871036 10473
1648878645 10473
1649726986 10473
1649735778 10483
1649743633 10483
1649744657 10486
1649757318 10472
1649757949 10473
1649822580 10738
1649992109 10735
1652767573 10644
1656379248 10646
1656491048 10655
1656495589 10657
1658990204 10660
1660188274 10662
1660188389 10662
1660189918 10674
1662456375 10791
1664259130 10791
1666163614 10806
1666946190 10885
1667186824 10884
1667194872 10888
1667200407 10885
1670551463 10885
1672127893 10890
1672299209 10887
1673345343 10885
1676274825 10913
1676274914 10896
1676960045 10898
1676969034 10894
1678157259 10876
1678158085 10880
1679563744 10883
1679564277 10888
1680081076 10924
1680509136 10924
1681199173 10940
1681199898 10940
1681207539 10934
1681289470 10936
1681807862 10936
1681892691 10956
1681893123 10974
1681893543 10975
1681894370 10957
1681895888 10939
1682588371 10941
1683252878 10933
1683336432 10934
1683687956 10944
1683797452 10944
1684910200 10946
1686644433 10948
1686644469 10954
1688026739 11033
1690164990 11036
1691045179 11041
1691570001 11071
1692165965 11073
1695796952 11081
1698734086 11082
1699933820 11084
1699933835 11071
1701077737 11099
1701077748 11220
1703571616 11222
1703571646 11225
1708493897 11227
1708677251 11229
1710234833 11242
1712559999 11270
