1595305427 1
1595335745 2
1595383143 3
1595415855 4
1595474891 5
1595844523 6
1596106052 7
1597660684 8
1597670055 9
1598175228 10
1598175531 11
1598948049 12
1599453172 13
1599453316 14
1599618513 15
1599618708 16
1599621389 17
1599634323 18
1600399258 19
1601005303 20
1605097126 21
1606995332 22
1607339454 23
1607583594 24
1607585761 25
1609402340 26
1611202338 27
1611284739 28
1615197727 29
1615205200 30
1615518132 31
1615528825 32
1617262873 33
1619599274 34
1628243594 35
1629965034 36
1635306498 37
1635413647 38
1636706502 39
1636707381 40
1637222877 41
1637742310 42
1638174479 43
1638256706 44
1638327982 45
1639449017 46
1639451669 47
1640054466 48
1645686876 49
1646027687 50
1646289603 51
1646635192 52
1646882127 53
1647853530 54
1649404596 55
1649407346 56
1649758413 57
1649758717 58
1649822692 59
1649992883 60
1652767502 61
1656490951 62
1658990164 63
1660189815 64
1663226662 65
1667375056 66
1667380810 67
1669018861 68
1669712618 69
1670221141 70
1680509241 71
1688027008 72
1691045268 73
1697766122 74
1699501734 75
1709531780 76
1709794236 77
