1595305427 230760
1595335745 229546
1595383143 229546
1595415855 229615
1595474891 229619
1595844523 229634
1596106052 228558
1597660684 228700
1597670055 228720
1598175228 228820
1598175531 228820
1598948049 228821
1599453172 228614
1599453316 228888
1599618513 229128
1599618708 229128
1599621389 229128
1599634323 228888
1600399258 228892
1601005303 228944
1605097126 229239
1606995332 229239
1607339454 229240
1607583594 229114
1607585761 229114
1609402340 229128
1611202338 228964
1611284739 228968
1615197727 229019
1615205200 229021
1615518132 229028
1615528825 229026
1617262873 229068
1619599274 229107
1628243594 229096
1629965034 229101
1635306498 229129
1635413647 229131
1636706502 229151
1636707381 229604
1637222877 229722
1637742310 229722
1638174479 229724
1638256706 229760
1638327982 229760
1639449017 230082
1639451669 230084
1640054466 230113
1645686876 230130
1646027687 230634
1646289603 230637
1646635192 230637
1646882127 230652
1647853530 230652
1649404596 230652
1649407346 230652
1649758413 230652
1649758717 230946
1649822692 231211
1649992883 231208
1652767502 231117
1656490951 231126
1658990164 231129
1660189815 231141
1663226662 231149
1667375056 231151
1667380810 231153
1669018861 231143
1669712618 231148
1670221141 231149
1680509241 231149
1688027008 231228
1691045268 231233
1697766122 231237
1699501734 231245
1709531780 231406
1709794236 231706
