1595305427 230760
1595335745 231153
1595383143 231155
1595415855 231241
1595474891 231261
1595844523 231285
1596106052 231379
1597660684 231710
1597670055 231822
1598175228 232081
1598175531 232082
1598948049 232095
1599453172 232575
1599453316 232849
1599618513 233222
1599618708 233229
1599621389 233236
1599634323 233237
1600399258 233241
1601005303 233506
1605097126 233969
1606995332 233973
1607339454 233978
1607583594 234073
1607585761 234131
1609402340 234151
1611202338 234650
1611284739 234663
1615197727 234737
1615205200 234742
1615518132 234758
1615528825 234758
1617262873 234821
1619599274 234867
1628243594 234873
1629965034 234884
1635306498 234916
1635413647 234921
1636706502 234941
1636707381 235394
1637222877 235550
1637742310 235551
1638174479 235563
1638256706 235601
1638327982 235602
1639449017 235942
1639451669 235944
1640054466 235975
1645686876 236008
1646027687 236540
1646289603 236543
1646635192 236549
1646882127 236729
1647853530 236730
1649404596 236732
1649407346 236733
1649758413 236744
1649758717 237038
1649822692 237455
1649992883 237470
1652767502 237635
1656490951 237660
1658990164 237669
1660189815 237682
1663226662 237690
1667375056 237698
1667380810 237702
1669018861 237702
1669712618 237708
1670221141 237709
1680509241 237710
1688027008 237819
1691045268 237826
1697766122 237830
1699501734 237841
1709531780 238105
1709794236 238406
