1556017719 1
1556110094 2
1556157998 3
1556161312 4
1556182476 5
1556182542 6
1556193912 7
1556195658 8
1556195879 9
1556198133 10
1556200721 11
1556201035 12
1556201100 13
1556420283 14
1556433388 15
1556436316 16
1556446137 17
1557911510 18
1557911579 19
1558083116 20
1558351081 21
1558352229 22
1558353388 23
1558403013 24
1558494132 25
1558522462 26
1558592771 27
1558593541 28
1558594180 29
1558596965 30
1558609046 31
1558609284 32
1558609951 33
1558670657 34
1558670943 35
1558674254 36
1558681056 37
1559216348 38
1559290575 39
1560140214 40
1560158766 41
1560167696 42
1560219023 43
1560415572 44
1561362206 45
1561542339 46
1562227865 47
1562291290 48
1562298470 49
1562549459 50
1562758407 51
1562760637 52
1562812295 53
1562814299 54
1563768130 55
1565953502 56
1566211392 57
1566284191 58
1566292916 59
1566898082 60
1567044105 61
1567411110 62
1567429401 63
1567434425 64
1571364153 65
1574145541 66
1574307778 67
1574651507 68
1575458528 69
1576839055 70
1577177564 71
1577243274 72
1577341978 73
1577344070 74
1577952869 75
1578019825 76
1578035507 77
1578036124 78
1578382424 79
1578555248 80
1584610678 81
1588075436 82
1589973257 83
1589973382 84
1591177313 85
1596106039 86
1597660672 87
1597669473 88
1597916789 89
1598174984 90
1598947908 91
1599453156 92
1599453300 93
1599479143 94
1600399244 95
1600843016 96
1601005224 97
1601005234 98
1605096415 99
1606986401 100
1607339436 101
1607583555 102
1607585708 103
1607588965 104
1609402315 105
1609402322 106
1611284727 107
1611296611 108
1615197640 109
1615197650 110
1615205184 111
1615518114 112
1615528808 113
1617262855 114
1617328030 115
1617331071 116
1617783039 117
1619599252 118
1628243578 119
1629017350 120
1629964904 121
1635306257 122
1635306268 123
1635413615 124
1637223722 125
1637742215 126
1638174505 127
1638256766 128
1638327991 129
1638429428 130
1640054561 131
1649407427 132
1649758277 133
1649822625 134
1649992744 135
1652694049 136
1652694292 137
1652767538 138
1656491004 139
1658990182 140
1660189860 141
1660189873 142
1680509200 143
1688025334 144
1691045220 145
