1556017719 3706
1556110094 4113
1556157998 4186
1556161312 4190
1556182476 5444
1556182542 5445
1556193912 5499
1556195658 5537
1556195879 5539
1556198133 5576
1556200721 5610
1556201035 5613
1556201100 5617
1556420283 5629
1556433388 5636
1556436316 5668
1556446137 5669
1557911510 5687
1557911579 5687
1558083116 5966
1558351081 6300
1558352229 6300
1558353388 6301
1558403013 6362
1558494132 6374
1558522462 6388
1558592771 7910
1558593541 7919
1558594180 7930
1558596965 7931
1558609046 7952
1558609284 8090
1558609951 8096
1558670657 8110
1558670943 8112
1558674254 8134
1558681056 8138
1559216348 8320
1559290575 8366
1560140214 8495
1560158766 8497
1560167696 8498
1560219023 8552
1560415572 8572
1561362206 8573
1561542339 8591
1562227865 8779
1562291290 8780
1562298470 8795
1562549459 8827
1562758407 8947
1562760637 8961
1562812295 8973
1562814299 8976
1563768130 8982
1565953502 9092
1566211392 9092
1566284191 9098
1566292916 9195
1566898082 9197
1567044105 9209
1567411110 9368
1567429401 9423
1567434425 9432
1571364153 9439
1574145541 9600
1574307778 9721
1574651507 9729
1575458528 9732
1576839055 9891
1577177564 10165
1577243274 10227
1577341978 10281
1577344070 10284
1577952869 10370
1578019825 10383
1578035507 10401
1578036124 10403
1578382424 10411
1578555248 10496
1584610678 10497
1588075436 11581
1589973257 11635
1589973382 11649
1591177313 12271
1596106039 12313
1597660672 12644
1597669473 12756
1597916789 13552
1598174984 13589
1598947908 13602
1599453156 14081
1599453300 14292
1599479143 14344
1600399244 14346
1600843016 14482
1601005224 14616
1601005234 14616
1605096415 15071
1606986401 15073
1607339436 15078
1607583555 15171
1607585708 15229
1607588965 15239
1609402315 15259
1609402322 15259
1611284727 15287
1611296611 15399
1615197640 15473
1615197650 15473
1615205184 15478
1615518114 15494
1615528808 15494
1617262855 15557
1617328030 15576
1617331071 15580
1617783039 15585
1619599252 15631
1628243578 15637
1629017350 15641
1629964904 15652
1635306257 15684
1635306268 15684
1635413615 15689
1637223722 15956
1637742215 15957
1638174505 15969
1638256766 16007
1638327991 16008
1638429428 16028
1640054561 16059
1649407427 16070
1649758277 16135
1649822625 16552
1649992744 16567
1652694049 16568
1652694292 16569
1652767538 16734
1656491004 16739
1658990182 16748
1660189860 16761
1660189873 16761
1680509200 16762
1688025334 16873
1691045220 16880
