1556017719 3706
1556110094 4062
1556157998 3957
1556161312 3957
1556182476 4534
1556182542 4534
1556193912 4553
1556195658 4568
1556195879 4570
1556198133 4582
1556200721 4597
1556201035 4599
1556201100 4599
1556420283 4599
1556433388 4574
1556436316 4586
1556446137 4586
1558351081 4886
1558352229 4742
1558353388 4734
1558403013 4769
1558494132 4771
1558522462 4784
1558592771 5196
1558593541 5196
1558594180 5196
1558596965 5196
1558609046 5105
1558609284 5235
1558609951 5235
1558670657 5223
1558670943 5223
1558674254 5213
1558681056 5215
1559216348 5376
1559290575 5398
1560140214 5483
1560158766 5483
1560167696 5483
1560219023 5483
1560415572 5489
1561362206 5487
1561542339 5502
1562227865 5689
1562291290 5690
1562298470 5703
1562549459 5732
1562758407 5838
1562760637 5852
1562812295 5840
1562814299 5842
1563768130 5846
1565953502 5905
1566211392 5904
1566284191 5904
1566292916 5898
1566898082 5896
1567044105 5895
1567411110 6052
1567429401 6101
1567434425 6104
1571364153 6105
1574145541 6152
1574307778 6219
1574651507 6220
1575458528 6221
1576839055 6338
1577177564 6371
1577243274 6350
1577341978 6378
1577344070 6379
1577952869 6406
1578019825 6415
1578035507 6415
1578036124 6415
1578382424 6284
1578555248 6236
1584610678 6236
1588075436 7286
1589973257 7298
1589973382 7299
1591177313 6419
1596106039 5393
1597660672 5535
1597669473 5555
1597916789 5740
1598174984 5726
1598947908 5727
1599453156 5655
1599453300 5866
1599479143 5900
1605096415 6173
1606986401 6173
1607339436 6174
1607583555 6047
1607585708 6047
1607588965 6050
1628243578 6039
1629017350 6042
1629964904 6047
1635306257 6075
1635306268 6080
1635413615 6082
1637223722 6205
1637742215 6205
1638174505 6207
1638256766 6243
1638327991 6243
1638429428 6237
1640054561 6266
1649407427 6276
1649758277 6262
1649822625 6527
1649992744 6524
1652694049 6524
1652694292 6523
1652767538 6432
1688025334 6468
1691045220 6473
