1607583495 1
1607585653 2
1609122738 3
1609128105 4
1609401870 5
1609402035 6
1609403691 7
1609922446 8
1611202325 9
1611284707 10
1611296583 11
1611576638 12
1611629298 13
1611629565 14
1611629766 15
1611630153 16
1611630374 17
1611635214 18
1611651598 19
1611653108 20
1612600032 21
1613974059 22
1613975364 23
1613984097 24
1615197584 25
1615205172 26
1615518062 27
1615528789 28
1615543011 29
1616749235 30
1616749256 31
1617256992 32
1617257000 33
1617257481 34
1617257581 35
1617258078 36
1617262604 37
1617701307 38
1617701325 39
1617775778 40
1617776649 41
1617777104 42
1617781362 43
1617784945 44
1617785460 45
1617851182 46
1617867630 47
1618379694 48
1618458031 49
1619077502 50
1619331537 51
1619599238 52
1619687932 53
1621491106 54
1621491118 55
1621491358 56
1623120990 57
1625019119 58
1625019149 59
1625045620 60
1625127955 61
1625209054 62
1625210829 63
1626403131 64
1628150710 65
1628150732 66
1628157447 67
1628243560 68
1628475548 69
1628837027 70
1628838512 71
1629101190 72
1629698150 73
1629793399 74
1629964864 75
1635149709 76
1635306197 77
1635413597 78
1636619349 79
1637223902 80
1637224316 81
1637638577 82
1637742150 83
1638174532 84
1638256823 85
1638352408 86
1638777825 87
1639033292 88
1640054615 89
1640138018 90
1644200176 91
1646620767 92
1647419614 93
1649726986 94
1649735778 95
1649743633 96
1649744657 97
1649757318 98
1649757949 99
1649822580 100
1649992109 101
1652767573 102
1656379248 103
1656491048 104
1656495589 105
1658990204 106
1660188274 107
1660188389 108
1660189918 109
1662456375 110
1664259130 111
1666163614 112
1666946190 113
1667186824 114
1667194872 115
1667200407 116
1670551463 117
1672127893 118
1672299209 119
1673345343 120
1676274825 121
1676274914 122
1676960045 123
1676969034 124
1678157259 125
1678158085 126
1679563744 127
1679564277 128
1680081076 129
1680509136 130
1681199173 131
1681199898 132
1681207539 133
1681289470 134
1681807862 135
1681892691 137
1681893123 138
1681893543 139
1681894370 140
1681895888 141
1682588371 142
1683252878 143
1683336432 144
1683687956 145
1683797452 146
1684910200 147
1686644433 148
1686644469 149
1688026739 150
1690164990 151
1691045179 152
1691570001 153
1692165965 154
1695796952 155
1698734086 156
1699933820 157
1699933835 158
1701077737 159
1701077748 160
1703571616 161
1703571646 162
1708493897 163
1708677251 164
1710234833 165
1712559999 166
