1555904286 0 1
1555908989 0 2
1555913199 0 3
1555913267 0 4
1555917639 0 5
1556000659 1 6
1556000691 1 7
1556004878 1 8
1556007248 1 9
1556008623 1 10
1556069352 2 10
1556069383 3 10
1556158121 4 10
1556181677 5 10
1556423285 6 10
1556433272 7 10
1556437947 8 10
1556521841 9 10
1556614558 9 11
1556614565 9 12
1557906184 10 12
1557906195 11 12
1557911700 12 12
1557912994 13 12
1557913212 14 12
1557913548 15 12
1557913938 16 12
1557914345 17 12
1557916988 18 12
1558083088 19 12
1558320850 20 12
1558321701 21 12
1558345989 22 12
1558403077 23 12
1558494179 24 12
1558532780 24 13
1558532822 24 14
1558533039 24 15
1558533983 24 16
1558536039 24 17
1558538244 24 18
1558538375 24 19
1558542040 24 20
1558542231 24 21
1558542254 24 22
1558574040 25 22
1558576760 26 22
1558578851 26 23
1558578857 26 24
1558584524 26 25
1558593650 26 26
1558600193 26 27
1558609114 27 27
1558609164 28 27
1558609988 29 27
1558616664 30 27
1558670451 31 27
1558670931 32 27
1558674277 33 27
1558681038 34 27
1559216385 35 27
1559290559 36 27
1560140235 37 27
1560158786 38 27
1560167681 39 27
1560219047 40 27
1560415551 41 27
1561362220 42 27
1561542325 43 27
1562227812 44 27
1562291304 45 27
1562298456 46 27
1562549478 47 27
1562758379 48 27
1562760552 49 27
1562812258 50 27
1562814311 51 27
1562849016 52 27
1563768093 53 27
1566283898 54 27
1566291577 55 27
1567044069 56 27
1567411088 57 27
1571364123 58 27
1573786161 59 27
1574060356 60 27
1574060462 61 27
1574133507 62 27
1574145239 63 27
1574145351 64 27
1574166241 65 27
1574217045 66 27
1574243474 66 28
1574247523 67 28
1574307747 68 28
1574333805 69 28
1574651470 70 28
1575458500 71 28
1575541856 72 28
1576554367 73 28
1576633442 74 28
1576637773 75 28
1576838420 76 28
1577175627 77 28
1577177450 78 28
1577243325 79 28
1577341931 80 28
1577344037 81 28
1577952323 82 28
1578019776 83 28
1578035399 84 28
1578036076 85 28
1578382390 86 28
1578555143 87 28
1584610485 88 28
1588075342 89 28
1589973141 90 28
1589973334 91 28
1591169613 92 28
1594780806 92 29
1594819564 93 29
1594980707 94 29
1596105863 95 29
1597660590 96 29
1597669571 97 29
1598175135 98 29
1598947764 99 29
1599201935 100 29
1599453095 101 29
1599453230 102 29
1600399167 103 29
1600843088 104 29
1601005108 105 29
1603790415 106 29
1604049161 107 29
1604294523 107 30
1604393849 108 30
1604393866 109 30
1604560313 110 30
1604560557 111 30
1604570355 111 31
1604570505 111 32
1604571597 111 33
1604587052 111 34
1604633778 111 35
1604633840 111 36
1605095939 112 36
1605522202 112 37
1605522225 112 38
1607339383 113 38
1607583309 114 38
1607585620 115 38
1607927472 116 38
1609402208 117 38
1611202314 118 38
1611284684 119 38
1611296566 120 38
1615197565 121 38
1615205163 122 38
1615518034 123 38
1615528779 124 38
1617262812 125 38
1619599215 126 38
1628243546 127 38
1629964770 128 38
1634639737 129 38
1635306171 130 38
1635413569 131 38
1637224967 132 38
1637742092 133 38
1638174541 134 38
1638256865 135 38
1638328004 136 38
1638352425 137 38
1638355930 137 39
1638519278 137 40
1640054683 138 40
1649407502 139 40
1649758109 140 40
1649822506 141 40
1649992153 142 40
1652767596 143 40
1653987493 144 40
1656491062 145 40
1658990218 146 40
1660189960 147 40
1680508802 148 40
1688026668 149 40
1688026776 150 40
1691045075 151 40
