1555904286 3857
1555908989 3860
1555913199 3860
1555913267 3688
1555917639 4007
1556000648 4190
1556069352 4220
1556069383 4229
1556158121 4199
1556181677 4769
1556423285 4866
1556433272 4840
1556437947 4844
1556521841 4842
1557906184 4912
1557906195 4977
1557911700 4994
1557912994 5006
1557913212 4994
1557913548 5000
1557913938 5006
1557914345 5006
1557916988 5012
1558083088 5114
1558320850 5121
1558321701 5123
1558345989 5131
1558403077 5210
1558494179 5212
1558532780 5135
1558532822 5270
1558533039 5273
1558533983 5283
1558536039 5294
1558538244 5294
1558538375 5295
1558542040 5296
1558542231 5233
1558542254 5233
1558578851 5242
1558578857 5243
1558584524 5242
1558593650 5242
1558609114 5242
1558609164 5372
1558609988 5372
1558616664 5372
1558670451 5361
1558670931 5361
1558674277 5351
1558681038 5353
1559216385 5514
1559290559 5536
1560140235 5621
1560158786 5621
1560167681 5621
1560219047 5621
1560415551 5627
1561362220 5625
1561542325 5640
1562227812 5827
1562291304 5828
1562298456 5841
1562549478 5870
1562758379 5974
1562760552 6209
1562812258 6197
1562814311 6199
1562849016 6199
1563768093 6203
1566283898 6203
1566291577 6201
1567044069 6200
1567411088 6357
1571364123 6358
1573786161 6365
1574060356 6369
1574060462 6716
1574133507 6911
1574145239 6950
1574145351 6997
1574166241 7029
1574217045 7051
1574243474 7050
1574247523 7051
1574307747 7121
1574333805 7119
1574651470 7120
1575458500 7121
1575541856 7119
1576554367 7217
1576633442 7218
1576637773 7217
1576838420 7335
1577175627 7367
1577177450 7368
1577243325 7347
1577341931 7375
1577344037 7376
1577952323 7403
1578019776 7412
1578035399 7412
1578036076 7412
1578382390 7281
1578555143 7233
1584610485 7233
1588075342 8243
1589973141 8255
1589973334 8256
1591169613 7376
1594780806 7387
1594819564 7389
1594980707 7389
1596105863 6403
1597660590 6545
1597669571 6565
1598175135 6665
1598947764 6666
1599201935 6666
1599453095 6558
1599453230 6805
1600399167 6807
1600843088 6849
1601005108 6859
1603790415 7907
1604049161 7909
1604393849 7915
1604393866 7917
1604560313 7917
1604560557 7917
1604570355 7963
1604570505 7963
1604571597 7963
1604587052 8087
1604633778 8070
1604633840 8052
1605095939 8286
1605522202 8338
1605522225 8338
1607339383 8339
1607583309 8213
1607585620 8213
1607927472 8213
1609402208 8227
1611202314 8063
1611284684 8067
1611296566 8047
1615197565 8098
1615205163 8100
1615518034 8107
1615528779 8105
1617262812 8147
1619599215 8186
1628243546 8175
1629964770 8180
1634639737 8227
1635306171 8255
1635413569 8257
1637224967 8380
1637742092 8380
1638174541 8382
1638256865 8418
1638328004 8418
1638352425 8418
1638355930 8426
1638519278 8427
1640054683 8456
1649407502 8456
1649758109 8442
1649822506 8707
1649992153 8704
1652767596 8613
1653987493 8613
1656491062 8622
1658990218 8625
1660189960 8637
1680508802 8637
1688026668 8715
1688026776 8716
1691045075 8721
