1531820634 3893
1531820699 3893
1531821039 3587
1531821214 3587
1538018134 2848
1538019982 2845
1538021311 2845
1538021568 2844
1538021642 2803
1538021690 2803
1538022042 2803
1538022166 2803
1538022833 2845
1538022916 2845
1538023022 2848
1538040301 3211
1538040547 3494
1538040913 3396
1538048741 3422
1538048762 3429
1538096808 3195
1538138614 4951
1538138629 4950
1538303971 5140
1538303993 5118
1539333317 5313
1539333334 5338
1539576814 5338
1539576824 5339
1539577184 5341
1539771106 5346
1539832084 5347
1539832228 5367
1539848366 5371
1539848385 5395
1539862860 5779
1539862877 5777
1539865926 5798
1539869666 5892
1539870901 5928
1539942625 5939
1539942638 5939
1539945572 5939
1540176502 5939
1540176517 5964
1540206266 6071
1540288596 6176
1540288611 6180
1540290570 6231
1540291498 6253
1540349701 6287
1540349713 6492
1540366933 6532
1540366942 6731
1540373329 6732
1540373344 6743
1540375653 6755
1540380805 6846
1540380813 6867
1540440149 6895
1540463535 7258
1540523680 7432
1540526865 7483
1540542456 7488
1540542468 7535
1540551079 7592
1541059549 7648
1541130402 7696
1541411023 7829
1541500973 7843
1541501917 7862
1541501924 7879
1541559910 7952
1541575466 7972
1541580987 7963
1541586697 8005
1541663721 7998
1541663730 7999
1541664632 8014
1541665250 8014
1541729981 8134
1541734595 8439
1541735758 8505
1541735921 8485
1542006035 8731
1542006777 8731
1542006929 8731
1542008409 8733
1542008714 8737
1542017429 8749
1542017436 8763
1542017553 8760
1542018487 8770
1542018551 8770
1542019388 8787
1542019937 8787
1542020121 8787
1542020362 8777
1542020565 8777
1542023941 8775
1542023968 8771
1542028043 8892
1542160525 8892
1542160542 8705
1542163256 8705
1542163567 8704
1542183904 8804
1542183914 8811
1542246782 8899
1542247319 8911
1542249433 8963
1542251401 8963
1542270057 9016
1542270075 9016
1542274178 9018
1542277211 9018
1542293435 9191
1542293443 9191
1542293638 9191
1542293762 9191
1542294195 9197
1542296675 9162
1542296718 9162
1542338437 9130
1542353017 9156
1542353027 9170
1542354442 9167
1542360608 9166
1542367393 9167
1542367402 9189
1542592588 9190
1542599499 9186
1542617244 9248
1542630198 9375
1542684123 9438
1542684289 9437
1542720017 9476
1542720080 9475
1542815052 9475
1542815058 9450
1542850673 9449
1542861832 9526
1542891954 10093
1542954407 10385
1542968831 10235
1543304665 10104
1543391621 10372
1543462891 11124
1543464860 11126
1543478601 11123
1543479363 11123
1543488773 11202
1543491285 11268
1543491505 11268
1543491695 11268
1543492081 11268
1543492269 11270
1543493207 11273
1543493589 11270
1543494811 11268
1543495779 11278
1543499962 11325
1543500201 11325
1543500261 11325
1543500436 11329
1543503031 11331
1543504798 11333
1543512772 11338
1543545588 11335
1543558981 11333
1543559313 11337
1543560241 11352
1543560569 11350
1543560977 11366
1543561163 11366
1543561398 11371
1543562359 11417
1543562907 11416
1543563317 11421
1543564098 11419
1543564794 11417
1543638679 11421
1543811509 11422
1543846633 11768
1543850713 11870
1543853240 11879
1543890738 11909
1543890906 11908
1543891228 11923
1543892752 11936
1543893700 11971
1543913910 11971
1543998194 12106
1543998570 12104
1544109870 12109
1544151707 12144
1544163796 12144
1544194872 12389
1544429287 12389
1544432183 12954
1544439799 12603
1544439841 12604
1544443306 12612
1544443626 12612
1544444784 12647
1544447096 12649
1544447753 12651
1544448257 12651
1544448823 12651
1544450394 12605
1544450445 12640
1544452565 12645
1544452733 12646
1544453391 12652
1544456354 12654
1544493254 12655
1544512971 12706
1545810042 12803
1545835455 12804
1546961690 12805
1547103308 12828
1547103425 12867
1547103879 12873
1547122500 12957
1547122528 12957
1547123114 12953
1547126180 12953
1547129250 12958
1547228638 12971
1547228784 12980
1547482686 12981
1547484059 12991
1547485171 12992
1547485836 12994
1547516465 13003
1547541160 13220
1547550639 13223
1548125875 13223
1548295718 13310
1548408786 13323
1550714098 13332
1550714441 13330
1550717829 13327
1551247966 13332
1551929827 13336
1552379946 13355
1552387320 13354
1552463694 13355
1552464971 13358
1552630510 13359
1552959912 13360
1553052685 13361
1553137066 13402
1553153246 13413
1553307382 13422
1553311063 13424
1553580171 13479
1553598859 13479
1553778563 13479
1554774595 13485
1555470174 13748
1555904113 13749
1555913312 14141
1555920173 14205
1555945499 14205
1555945893 14228
1556005045 14364
1556007349 14371
1556008519 14376
1556092431 14374
1556098690 14380
1556117904 14380
1556158255 14380
1556158479 14382
1556159237 14389
1556160282 14418
1556169048 15418
1556176719 15423
1556177026 15424
1556180911 15425
1556189507 15465
1556193884 15564
1556260029 15711
1556261028 15723
1556265622 15733
1556268229 15737
1556276367 15770
1556288406 15781
1556288879 15782
1556291305 15774
1556420722 15923
1556435626 15691
1556436243 15690
1556522145 15792
1556522625 15792
1556613846 15844
1556614318 15841
1557044768 15938
1557296975 16139
1557297224 16140
1557297456 16140
1557297719 16151
1557297782 16152
1557386092 16157
1557403254 16160
1557894335 16185
1557903735 16210
1557904361 16216
1557905109 16228
1557905197 16226
1557909798 16273
1557910685 16304
1557910749 16305
1557911662 16284
1557911725 16276
1557980703 16279
1557989951 16312
1558001655 16321
1558320541 16328
1558321010 16328
1558349860 16402
1558350063 16407
1558354969 16486
1558369215 16564
1558439771 16519
1558439993 16520
1558440601 16521
1558515818 17075
1558534040 16363
1558534164 16363
1558534331 16363
1558537721 16362
1558538144 16317
1558540171 16317
1558540313 16318
1558578827 16318
1558584068 16320
1558584416 16320
1558600224 16450
1558609438 16450
1558664317 16456
1558665813 16431
1558668121 16533
1558668525 16533
1558668698 16533
1558670575 16525
1558670802 16527
1558671105 16527
1558671415 16527
1558671546 16528
1558672987 16540
1558674137 16542
1558675576 16549
1558675870 16546
1558678968 16544
1558681532 16546
1558682403 16543
1558693113 16578
1558941899 16578
1558943720 16588
1558952911 16599
1558953869 16596
1558954688 16595
1558955316 16595
1559009768 16595
1559015999 16617
1559016224 16617
1559026039 17232
1559030133 17255
1559032302 17240
1559094373 17239
1559095528 17248
1559121182 18794
1559121197 18794
1559122690 18790
1559140382 18971
1559183367 18989
1559185444 18999
1559186556 18999
1559209819 18991
1559209862 18986
1559216291 19183
1559216391 19183
1559218304 19187
1559218410 19188
1559219084 19190
1559223455 19197
1559223580 19197
1559226471 19200
1559269263 19240
1559271214 19240
1559288136 19240
1559290148 19261
1559551750 19264
1559564045 19364
1559564397 19331
1559564427 19332
1559569116 19482
1559569348 19485
1559571649 19517
1559571991 19497
1559617012 19511
1559617437 19509
1559618537 19513
1559631612 19716
1559631836 19716
1559632063 19716
1559632731 19744
1559632977 19744
1559633990 19695
1559634586 19702
1559634705 19700
1559635423 19704
1559635558 19705
1559635721 19711
1559635854 19713
1559636652 19699
1559639147 19703
1559639901 19698
1559641104 19693
1559643384 19697
1559657436 19726
1559657832 19724
1559701127 19739
1559703034 19610
1559705127 19633
1559705551 19636
1559706108 19644
1559706293 19644
1559706980 19644
1559707092 19644
1559707618 19659
1559708316 19671
1559708576 19672
1559729407 19757
1559805822 19778
1559806391 19776
1559806938 19777
1559807080 19777
1559808969 19774
1559815700 19770
1559815915 19774
1560139859 19860
1560167606 19860
1560167615 19860
1560179806 19860
1560414719 19865
1560415229 19919
1560417544 19949
1560417858 19963
1560421075 19966
1560425103 20011
1560481948 20023
1560482072 20023
1560484386 20025
1560500010 20038
1560735865 20046
1560735933 20046
1560740763 20032
1560740964 20039
1560764875 20045
1560845218 20045
1560913147 20167
1560924869 20167
1560930902 20167
1560935981 20171
1560937008 20175
1560937537 20188
1560943379 20190
1560943407 20196
1561000565 20207
1561001134 20207
1561107895 20515
1561107918 20824
1561117258 20881
1561359626 20890
1561359632 20932
1561360014 20938
1561360867 20938
1561370954 21033
1561371010 21039
1561372874 21283
1561373402 21190
1561374072 21036
1561374323 21038
1561374477 21041
1561374551 21037
1561374836 21046
1561542821 21043
1561542906 21058
1561543141 21060
1562072890 21061
1562072897 21299
1562122477 21314
1562122771 21301
1562123165 21301
1562123320 21165
1562164706 21377
1562226190 21393
1562297907 21407
1562297915 21413
1562419503 21436
1562423614 21442
1562669055 21451
1562669063 21479
1562669602 21531
1562670300 21616
1562671523 21630
1562754742 21482
1562755429 21482
1562812369 21470
1562813630 21472
1566178205 21472
1566178212 21644
1566351280 21674
1567043937 21673
1567394565 21703
1567411172 21856
1567434482 21895
1567477148 21895
1567500087 21901
1567519900 21950
1567519907 21952
1567567722 22041
1567569266 22049
1567569416 22082
1567579226 22085
1567579276 22085
1568284955 22109
1568627453 22107
1568715517 22074
1570618198 22137
1571195373 22137
1571364350 22138
1571815613 22141
1571824163 22017
1571908184 22017
1571912381 22047
1573697398 22219
1573697409 22213
1574077708 22213
1574077722 23637
1574145045 23676
1574145054 24164
1574220720 24163
1574220736 24297
1574222305 24285
1574306455 24361
1574306600 24505
1574389008 24584
1574389018 24578
1574389256 24580
1574389264 24577
1574394937 24579
1574394950 24570
1574414555 24574
1574650985 24575
1574650996 24618
1574844269 24618
1574844279 24618
1574844690 24618
1574844787 24619
1575452237 24621
1575452247 24712
1575457383 24714
1575535142 24714
1575540074 24795
1575540654 24795
1575541644 24791
1576839594 24908
1577176399 24940
1577177289 24941
1577241953 24941
1577243049 24923
1577342033 24951
1577344148 24952
1577953199 24979
1578019880 24988
1578035705 24988
1578035758 24989
1578036258 24989
1578382465 24858
1578399857 24861
1578555371 24814
1579110588 24814
1582429674 24814
1584610955 24814
1584611042 24815
1587378220 25351
1587437093 25241
1587465617 25675
1587466012 25675
1587520463 25681
1587523604 25681
1587608688 25682
1589512884 25689
1589880792 25687
1589967521 25773
1589970794 25774
1590027984 25774
1590056107 25649
1590069318 25651
1590488898 25651
1590562092 25645
1590564310 25645
1590996881 24729
1591001049 24762
1591003270 24762
1592532357 24709
1592532367 24796
1592532630 24806
1593497985 24861
1593498028 23982
1593678284 23984
1593679745 24020
1593681294 24023
1593696553 24039
1593696572 24039
1593696675 24040
1594029705 24045
1594029901 24057
1594089137 24058
1594089151 24064
1594192545 24065
1594227410 24065
1594389191 24073
1594798617 24290
1594798724 24290
1594801734 24290
1594819918 23938
1595227034 23939
1595335815 23940
1596770952 23952
1596771441 23953
1596787448 23981
1596790081 23986
1597654926 24625
1597658443 24520
1597659676 24520
1597660831 24705
1597661454 24702
1597661536 24702
1597661583 24702
1597661850 24702
1597667674 24760
1597671770 24730
1597765050 26171
1597765258 26171
1597804035 26191
1597818027 26332
1597820085 26346
1597820318 26346
1597820521 26349
1597826415 26517
1597826625 26560
1597834215 26737
1597834711 26822
1597837457 26828
1597837735 26821
1597838370 26930
1597843917 26931
1597844924 26934
1597982852 27534
1597983297 27534
1597991726 27617
1597996977 27704
1597997453 27705
1598000440 27701
1598000719 27701
1598000785 27701
1598000851 27701
1598007330 28007
1598009539 27880
1598021586 28251
1598022305 28251
1598022347 28251
1598023275 28269
1598163810 28270
1598172315 28302
1598175315 28302
1598239905 28385
1598250882 28437
1598256173 28595
1598256321 28595
1598256445 28595
1598257229 28607
1598268093 28607
1598269654 28589
1598270711 28486
1598344882 28577
1598352071 28520
1598356868 28520
1598414883 28602
1598425785 28627
1598426049 28629
1598427447 28638
1598428045 28638
1598435711 28661
1598438695 28661
1598498030 28670
1598498195 28670
1598588991 28670
1598612032 28715
1598615900 28715
1598949812 28951
1599017890 29189
1599032247 29273
1599033962 29261
1599043893 29578
1599044493 29579
1599125142 29640
1599125242 29717
1599125440 29718
1599125834 29722
1599127412 29722
1599131119 29797
1599201252 29884
1599201524 29886
1599217303 29956
1599226588 29999
1599227458 29966
1599228010 29967
1599229372 29958
1599230489 29974
1599231276 29979
1599232090 29986
1599452793 29987
1599453293 29979
1599535699 29984
1599641534 29995
1599641701 29995
1599660360 30287
1599660884 30292
1599707927 30279
1599718761 30295
1599719191 30295
1599742519 30318
1599742664 30321
1600074932 30332
1600169855 30322
1600170241 30322
1600174933 30323
1600257569 30323
1600396784 30328
1600400009 30386
1600400018 30389
1600683293 30386
1600764678 30753
1600768120 30754
1600825905 30779
1600832453 30821
1600842940 30821
1600842960 30821
1600922025 30823
1601267188 30823
1601267200 30831
1601282220 30841
1602298475 30857
1602469488 30885
1602469640 30885
1602577146 31215
1602750243 31906
1602750524 31906
1602828123 32436
1603012035 32518
1603014231 32523
1603015455 32523
1603016095 32544
1603075067 32835
1603079652 32927
1603079717 32927
1603079842 32922
1603106389 33640
1603106618 33643
1603112501 33685
1603113528 33693
1603115202 33729
1603175856 33880
1603186344 33884
1603188182 33876
1603245237 33876
1603254016 33910
1603332252 33912
1603708697 34937
1603712541 34949
1603713538 34949
1603714309 34949
1603787263 34947
1603787280 34947
1603796429 34934
1603796906 34935
1604040037 35100
1604040046 35100
1604040198 35100
1604040342 35100
1604054455 35069
1604064191 35088
1604281557 35088
1604284302 35116
1604285333 35121
1604288482 35120
1604294129 35122
1604310484 35062
1604409034 35062
1604559893 35077
1604560273 35077
1604561383 35079
1604632576 35266
1604636087 35266
1604654021 35272
1604657136 35274
1604657194 35274
1604668212 35286
1604990806 35287
1604990819 35287
1604990831 35305
1605072808 35548
1605074773 35543
1605085738 35546
1605090758 35547
1605496818 35553
1605499458 35562
1605670476 35564
1605683393 35564
1605684751 35568
1605693248 35572
1605773519 35574
1605775005 35580
1606200731 36689
1606202733 36705
1606211617 36705
1606284193 36722
1606297743 36741
1606730711 37003
1606792114 37337
1606793322 37376
1606793577 37376
1606794960 37374
1606803813 37373
1606999800 37374
1607310985 37374
1607323713 37376
1607326956 37376
1607329905 37377
1607513849 37378
1607570413 37278
1607571381 37276
1607585475 37278
1607585626 37278
1607918455 37315
1607918865 37315
1607920636 37343
1608204377 37344
1608209516 37345
1608796001 37348
1608796812 37347
1609316144 37347
1609401429 37361
1610615481 38139
1610617051 38135
1610630892 38139
1610630967 38139
1610694829 38145
1610704607 38291
1610942330 38389
1610952808 38411
1610964625 38755
1610964961 38756
1610966038 38776
1610968975 38791
1610970833 38791
1610973990 38790
1611025670 38810
1611025730 38808
1611029527 38743
1611030688 38749
1611054012 38789
1611061233 38650
1611061336 38653
1611110726 38630
1611139654 38630
1611198365 38642
1611221678 38729
1611284028 38732
1611284258 38733
1611309020 38712
1611656487 38715
1611656833 38728
1611658902 38762
1611659378 38762
1611720373 38850
1611720652 38867
1611736099 38956
1611739170 39080
1611743721 39082
1611748627 39101
1611803457 39059
1611828422 39094
1611829644 39094
1611892134 39094
1611892639 39095
1611911081 39101
1612255418 39106
1613817776 39111
1614652679 39120
1614654515 39134
1614665100 39131
1614669037 39136
1614695547 39154
1614735656 39152
1615186575 39152
1615194500 39203
1615203389 39205
1615359751 39238
1615380800 39228
1615516997 39236
1615517212 39235
1615528426 39233
1616117745 39234
1616117998 39234
1616123070 39235
1617262649 39296
1617283643 39563
1617283902 39573
1617334953 39678
1617335451 39680
1617335660 39687
1617679920 39699
1617950697 39699
1618454136 39721
1618562573 39721
1618970699 39821
1618971557 39819
1619000757 39820
1619001373 39823
1619001534 39823
1619314664 39823
1619578864 39855
1619579214 39858
1619581050 39858
1619582116 39904
1619582302 39950
1619598827 39989
1619686729 39989
1620373286 40120
1620375256 40212
1620375548 40212
1620376131 40218
1620384742 40220
1620699980 40221
1620811969 40236
1621577668 40286
1621578022 40287
1621578186 40286
1621578747 40286
1621582132 40286
1621582476 40291
1621582605 40291
1621591428 40291
1622024182 40291
1622802489 40566
1622810273 40743
1623033887 40832
1623034448 40837
1624620175 42399
1625020769 42409
1625118193 42419
1625539831 42712
1625650962 42984
1625803265 43039
1625819036 43282
1625835207 43282
1626140573 43290
1626416564 43445
1626692582 44515
1626762331 44810
1626834654 44812
1626933616 44809
1626942493 44840
1627009659 44853
1627024222 44815
1627030358 44878
1627267431 44930
1627278809 44930
1627288843 44930
1627353538 44969
1627358682 44975
1627628082 44976
1628212441 44966
1628563804 45018
1628564163 45019
1628564611 45027
1628687489 45508
1628992451 45757
1629207418 45838
1629208990 45846
1629366621 45905
1629985304 45920
1629985325 45919
1631172904 45996
1631173414 45996
1631173548 45996
1631173702 45996
1631173896 45998
1631243379 45998
1631246151 45998
1631502570 46031
1631503129 46031
1631504282 46031
1631587717 46039
1631793681 46040
1632409844 46026
1632410061 46022
1632468011 46022
1632469313 46022
1634114965 46065
1634695147 47354
1634710253 47640
1634710500 47697
1634710951 47709
1634737114 48044
1634799887 48045
1634802930 47638
1634803055 47599
1634885323 47648
1634889670 47336
1634889967 47339
1634890022 47341
1634890147 47341
1635146137 47345
1635235332 47341
1635239498 47345
1635299555 47373
1635305083 47402
1635315691 47401
1635317871 47402
1635389467 47412
1635390618 47423
1635405067 47407
1635408204 47416
1635411823 47432
1635412575 47434
1635413798 47434
1635486053 47432
1636108871 47539
1636111088 47541
1637030999 47543
1637031182 47542
1637032501 47544
1637051381 47507
1637052596 47506
1637116610 47517
1637129091 47640
1637139758 47641
1637139821 47641
1637218982 47759
1637230535 46947
1637308975 47108
1637569084 47126
1637726675 47126
1637737509 47125
1637737679 47127
1638166005 47128
1638167601 47129
1638256130 47165
1638350500 47165
1638516438 47166
1639122428 47515
1639124956 47706
1639130018 47742
1639135173 47566
1639387189 47609
1639390078 47674
1639391084 47674
1639400167 47674
1639400524 47674
1639466314 47720
1639467545 47749
1639468558 47820
1639470122 47821
1639470298 47819
1639477789 47819
1639491518 47825
1639568369 47827
1639573362 47852
1639664680 47850
1640340519 47850
1640655601 47851
1640764478 47978
1640766998 47976
1640930946 47976
1641438526 47966
1642039076 47989
1642156756 48016
1642158813 48016
1642386710 48036
1642472594 48029
1642562249 48051
1642562381 48052
1642562713 48052
1642564984 48053
1642585571 48094
1642587061 48094
1642600588 48093
1642644006 48103
1642650492 48154
1642687460 48200
1642744286 48203
1642745271 48213
1642757587 48435
1644218566 48477
1644299843 48829
1644302313 48838
1644311290 48987
1644311598 48988
1644387259 48993
1644476513 49003
1644478957 49009
1644479833 49009
1644647849 49009
1644805312 49033
1644817624 49041
1644911389 49044
1644911492 49044
1644976302 49041
1645179756 49234
1645252109 49309
1645252237 49310
1645269320 49314
1645415440 49312
1645519628 49313
1645698806 49333
1645698893 49335
1646273478 49338
1646298044 49347
1646299527 49347
1646365195 49649
1646366025 49656
1646382615 49671
1646985429 49665
1647328995 49842
1647335137 49850
1647397053 49853
1647415337 49857
1647421224 49857
1647498273 49869
1647500546 49870
1647505710 49872
1647509328 49875
1648106489 50487
1648107288 50490
1648108568 50490
1648197208 50626
1648550600 50786
1648609358 50866
1648627083 50870
1648717104 51400
1648722286 51462
1648800246 51462
1648886559 52472
1648892530 52473
1649213248 52486
1649669244 52480
1649669742 52480
1649730454 52464
1649822327 52435
1650006676 52432
1650959494 52448
1650959849 52446
1651200559 52452
1651221532 52486
1651226290 52488
1651718949 52549
1651734759 52554
1652599607 52563
1652767141 52487
1653028296 52489
1653471848 52497
1654047362 52506
1654047571 52501
1654848067 52529
1655351039 52527
1655374139 51904
1655374601 51902
1655374950 51909
1655374991 51901
1655375474 51901
1656474346 51927
1657264886 51927
1657597316 51939
1658138125 51952
1658397813 51946
1658400065 51968
1658482761 51969
1658485529 51978
1658831358 52045
1658833159 52045
1658887873 52045
1658887983 52045
1658888426 52045
1658888563 52045
1658893755 51909
1658894994 51914
1658906533 51912
1659092760 51915
1659419577 51928
1659517271 51930
1660025979 52069
1660040110 52148
1660189845 52142
1660274155 52144
1660614102 52164
1660641674 52122
1660812719 52191
1660813345 52191
1660903523 52191
1660907033 52191
1661485888 52188
1661926388 52188
1661926605 52188
1661937667 52191
1662349363 52286
1662533710 52340
1662712422 52340
1662716806 52375
1662717019 52370
1663413194 52372
1665394499 52266
1665395140 52267
1665395898 52252
1665453982 52249
1665475077 52283
1665559686 52281
1665628696 52280
1665640827 52280
1665643193 52289
1665646528 52288
1665646651 52288
1665648892 52283
1665651017 52288
1666359080 52290
1666359119 52291
1666841459 52351
1666938008 52357
1668495178 53174
1668498941 53174
1668499125 53174
1668501389 53179
1668501438 53181
1668502139 53186
1668504905 53187
1668506744 53174
1668507694 53185
1668509722 53211
1668510272 53208
1668510701 53212
1668563495 53217
1668568024 53392
1668579347 53386
1668580907 53469
1668581023 53473
1668656855 53481
1668739737 53481
1669602300 53484
1669602399 53503
1670815659 53523
1670827542 53527
1670901648 53529
1671087404 53515
1676285731 53526
1676285902 53526
1676286311 53526
1676340537 53531
1676343365 53543
1676360641 53546
1676360663 53546
1676362178 53596
1676363077 53593
1676536773 53593
1677738866 53677
1677738941 53684
1677835584 53684
1678699449 53876
1678700126 53877
1678850219 54359
1678850262 54395
1678851742 54395
1678860886 54397
1678861007 54433
1678875451 54447
1678878653 54438
1678878844 54438
1678946954 54451
1679038800 54459
1679039791 54459
1679042635 54461
1679045989 54462
1679046013 54461
1679379385 54479
1679553140 54483
1679569543 54507
1679569683 54515
1679643482 54515
1679646145 54524
1680174252 54610
1680174395 54607
1680175093 54605
1680255578 54609
1682216556 54611
1682229098 54611
1683282719 54611
1683860508 54705
1683861578 54704
1683877678 54710
1684306456 54710
1684416362 54710
1684830049 54714
1684998150 54711
1685514407 54999
1685514846 55003
1685606488 55304
1685611955 55304
1685622976 55307
1686189693 55309
1686190741 55298
1687767891 55300
1688970835 55310
1689753665 55423
1689854055 55423
1691152986 55828
1691636127 55825
1691658158 55812
1691746870 55811
1691747264 55815
1692330195 55872
1692612495 55872
1692668524 55874
1692670311 55875
1692865467 55875
1693992113 55877
1695293508 55877
1697790808 56066
1698298877 56066
1699588661 56092
1699588794 56098
1699602398 56190
1699603150 56207
1700146772 56210
1700146807 56210
1703210015 56222
1703233355 56226
1703244664 56242
1704951851 56843
1705480693 56880
1705891349 56875
1706085886 56886
1706867602 56926
1709301920 56982
1709301968 56985
1709302049 56987
1709304444 56989
1710474073 56983
1710729266 56993
