1531820634 3893 0 0
1531820699 3893 0 0
1531821039 3894 0 0
1531821214 3904 0 0
1538018134 5740 0 0
1538019982 5852 0 0
1538021311 5856 0 0
1538021568 5857 0 0
1538021642 5917 0 0
1538021690 5917 0 0
1538022042 5921 0 0
1538022166 5922 0 0
1538022833 5969 0 0
1538022916 5970 0 0
1538023022 5975 0 0
1538040301 5975 0 369
1538040547 6259 0 369
1538040913 6327 0 369
1538045330 6342 0 369
1538048585 6387 0 369
1538048741 6387 0 398
1538048762 6387 0 398
1538049380 6404 0 398
1538049503 6408 0 398
1538049612 6408 0 398
1538050528 6457 0 398
1538096808 6457 0 398
1538129047 6457 0 398
1538138614 6457 0 2167
1538138629 6457 0 2167
1538208404 6457 0 2167
1538303971 6457 0 2508
1538303993 6457 0 2508
1538978181 6461 0 2508
1538978189 6461 0 2508
1539332559 6489 0 2508
1539333317 6489 0 2819
1539333334 6489 0 2819
1539335198 6489 0 2843
1539576814 6490 0 2843
1539576824 6490 0 2843
1539577184 6503 0 2843
1539771106 6503 0 2855
1539771174 6521 0 2855
1539771180 6521 0 2855
1539771250 6524 0 2855
1539831191 6531 0 2855
1539832084 6531 0 2952
1539832228 6531 0 2952
1539844188 6532 0 2952
1539845527 6556 0 2952
1539847623 6562 0 2952
1539848366 6562 0 3030
1539848385 6562 0 3030
1539850384 6564 0 3030
1539857534 6566 0 3030
1539862860 6566 0 3426
1539862877 6566 0 3426
1539865926 6566 0 3476
1539869666 6680 0 3476
1539870901 6746 0 3476
1539930936 6748 0 3476
1539942625 6748 0 3543
1539942638 6748 0 3543
1539945572 6748 0 3546
1540175660 6756 0 3546
1540175667 6756 0 3546
1540175697 6757 0 3546
1540176376 6813 0 3546
1540176502 6813 0 3547
1540176517 6813 0 3547
1540206266 6813 0 3706
1540283181 6813 0 3718
1540288596 6923 0 3718
1540288611 6923 0 3718
1540290570 6980 0 3718
1540291498 7002 0 3718
1540307499 7158 0 3718
1540345742 7237 0 3718
1540346755 7241 0 3718
1540349081 7279 0 3718
1540349164 7280 0 3718
1540349701 7280 0 3752
1540349713 7280 0 3752
1540366816 7535 0 3752
1540366922 7537 0 3752
1540366933 7537 0 3802
1540366942 7537 0 3802
1540371952 7539 0 3802
1540373289 7567 0 3802
1540373329 7567 0 3808
1540373344 7567 0 3808
1540375653 7567 0 3828
1540380653 7586 0 3828
1540380672 7586 0 3828
1540380769 7594 0 3828
1540380805 7594 0 3940
1540380813 7594 0 3940
1540438446 7648 0 3940
1540440149 7648 0 4034
1540463535 7648 0 4476
1540463982 7648 0 4476
1540523680 7648 0 4804
1540523765 7648 0 4804
1540526865 7648 0 4969
1540537228 7663 0 4969
1540537235 7663 0 4969
1540542213 7700 0 4969
1540542456 7700 0 4978
1540542468 7700 0 4978
1540551079 7700 0 5049
1541059549 7700 0 5169
1541130402 7700 0 5222
1541411023 7700 0 5464
1541495337 7700 0 5486
1541500973 7773 0 5486
1541501917 7794 0 5486
1541501924 7794 0 5486
1541559910 7794 0 5605
1541575466 7794 0 5632
1541580987 7794 0 5649
1541586697 7794 0 5695
1541662043 7796 0 5695
1541663721 7796 0 5726
1541663730 7796 0 5726
1541664632 7827 0 5726
1541665250 7829 0 5726
1541729981 7949 0 5726
1541734595 8270 0 5726
1541735758 8468 0 5726
1541735921 8469 0 5726
1542006035 8771 0 5726
1542006777 8772 0 5726
1542006929 8774 0 5726
1542008409 8776 0 5726
1542008714 8782 0 5726
1542014370 8782 0 5745
1542014381 8782 0 5745
1542017429 8820 0 5745
1542017436 8820 0 5745
1542017553 8825 0 5745
1542018487 8839 0 5745
1542018551 8841 0 5745
1542019388 8907 0 5745
1542019937 8913 0 5745
1542020121 8929 0 5745
1542020362 8951 0 5745
1542020565 8954 0 5745
1542023941 8954 0 5745
1542023968 8954 0 5745
1542028043 9446 0 5745
1542105405 9493 0 5745
1542105550 9494 0 5745
1542160525 9494 0 5747
1542160542 9494 0 5747
1542163256 9496 0 5747
1542163567 9501 0 5747
1542180472 9515 0 5747
1542183904 9515 0 5866
1542183914 9515 0 5866
1542246782 9642 0 5866
1542247319 9665 0 5866
1542249433 9750 0 5866
1542251401 9751 0 5866
1542267873 9753 0 5866
1542268744 9753 0 5866
1542270057 9753 0 5926
1542270075 9753 0 5926
1542274178 9753 0 5940
1542277211 9762 0 5940
1542277820 9762 0 5941
1542277829 9762 0 5941
1542287022 9762 0 5942
1542293435 9946 0 5942
1542293443 9946 0 5942
1542293638 9947 0 5942
1542293762 9952 0 5942
1542294195 9959 0 5942
1542296675 10014 0 5942
1542296718 10016 0 5942
1542338437 10016 0 5948
1542349510 10087 0 5948
1542349517 10087 0 5948
1542353017 10087 0 5977
1542353027 10087 0 5977
1542354442 10087 0 5982
1542360608 10087 0 5983
1542361361 10128 0 5983
1542361367 10128 0 5983
1542367393 10128 0 5986
1542367402 10128 0 5986
1542592588 10128 0 5988
1542599499 10128 0 5989
1542617244 10128 0 6130
1542630198 10128 0 6311
1542684123 10128 0 6466
1542684289 10128 0 6467
1542720017 10495 0 6467
1542720080 10501 0 6467
1542763142 10501 0 6485
1542763163 10501 0 6485
1542815052 10505 0 6485
1542815058 10505 0 6485
1542850673 10507 0 6485
1542861832 10747 0 6485
1542891954 11870 0 6485
1542954407 13044 0 6485
1542968831 15051 0 6485
1543304665 15273 0 6485
1543391621 16775 0 6485
1543462891 18482 0 6485
1543464860 18488 0 6485
1543478601 18508 0 6485
1543479363 18509 0 6485
1543488773 18709 0 6485
1543491285 18805 0 6485
1543491505 18806 0 6485
1543491695 18807 0 6485
1543492081 18819 0 6485
1543492269 18826 0 6485
1543493207 19303 0 6485
1543493589 19308 0 6485
1543494811 19318 0 6485
1543495779 19329 0 6485
1543499962 19396 0 6485
1543500201 19398 0 6485
1543500261 19401 0 6485
1543500436 19406 0 6485
1543503031 19414 0 6485
1543504798 19424 0 6485
1543512772 19538 0 6485
1543545588 19544 0 6485
1543558981 19549 0 6485
1543559313 19559 0 6485
1543560241 19590 0 6485
1543560569 19607 0 6485
1543560977 19626 0 6485
1543561163 19634 0 6485
1543561398 19658 0 6485
1543562359 19705 0 6485
1543562907 19716 0 6485
1543563317 19723 0 6485
1543564098 19746 0 6485
1543564794 19769 0 6485
1543638679 19773 0 6485
1543811509 19775 0 6485
1543846633 20182 0 6485
1543850713 20559 0 6485
1543853240 20572 0 6485
1543890738 20621 0 6485
1543890906 20623 0 6485
1543891228 20639 0 6485
1543892752 20736 0 6485
1543893700 20792 0 6485
1543913910 20793 0 6485
1543998194 20964 0 6485
1543998570 20966 0 6485
1544109870 20994 0 6485
1544151707 21029 0 6485
1544163796 21031 0 6485
1544194872 21346 0 6485
1544429287 21347 0 6485
1544432183 21925 0 6485
1544439799 22056 0 6485
1544439841 22057 0 6485
1544443306 22152 0 6485
1544443626 22163 0 6485
1544444784 22205 0 6485
1544447096 22208 0 6485
1544447753 22213 0 6485
1544448257 22215 0 6485
1544448823 22217 0 6485
1544450394 22221 0 6485
1544450445 22259 0 6485
1544452565 22266 0 6485
1544452733 22269 0 6485
1544453391 22277 0 6485
1544456354 22283 0 6485
1544493254 22286 0 6485
1544512971 22395 0 6485
1545810042 22518 0 6485
1545835455 22524 0 6485
1546961690 22528 0 6485
1547103308 22556 0 6485
1547103425 22595 0 6485
1547103879 22604 0 6485
1547122500 22716 0 6485
1547122528 22717 0 6485
1547123114 22750 0 6485
1547126180 22754 0 6485
1547129250 22765 0 6485
1547228638 22783 0 6485
1547228784 22801 0 6485
1547482686 22802 0 6485
1547484059 22828 0 6485
1547485171 22845 0 6485
1547485836 22854 0 6485
1547516465 22865 0 6485
1547541160 23084 0 6485
1547550639 23090 0 6485
1548125875 23091 0 6485
1548295718 23201 0 6485
1548408786 23215 0 6485
1550714098 23235 0 6485
1550714441 23235 0 6485
1550717829 23247 0 6485
1551247966 23252 0 6485
1551929827 23334 0 6485
1552379946 23389 0 6485
1552387320 23389 0 6485
1552463694 23403 0 6485
1552464971 23416 0 6485
1552630510 23417 0 6485
1552959912 23418 0 6485
1553052685 23420 0 6485
1553137066 23461 0 6485
1553153246 23475 0 6485
1553307382 23500 0 6485
1553311063 23502 0 6485
1553580171 23594 0 6485
1553598859 23598 0 6485
1553778563 23604 0 6485
1554774595 23610 0 6485
1555470174 25420 0 6485
1555904113 25427 0 6485
1555913312 25820 0 6485
1555920173 25887 0 6485
1555945499 25890 0 6485
1555945893 25942 0 6485
1556005045 26976 0 6485
1556007349 26989 0 6485
1556008519 26995 0 6485
1556092431 27017 0 6485
1556098690 27038 0 6485
1556117904 27039 0 6485
1556158255 27040 0 6485
1556158479 27042 0 6485
1556159237 27055 0 6485
1556160282 27085 0 6485
1556169048 28182 0 6485
1556176719 28236 0 6485
1556177026 28238 0 6485
1556180911 28239 0 6485
1556189507 28291 0 6485
1556193884 28405 0 6485
1556260029 28952 0 6485
1556261028 28966 0 6485
1556265622 28978 0 6485
1556268229 28992 0 6485
1556276367 29037 0 6485
1556288406 29266 0 6485
1556288879 29268 0 6485
1556291305 29304 0 6485
1556420722 29676 0 6485
1556435626 29912 0 6485
1556436243 29916 0 6485
1556522145 30030 0 6485
1556522625 30042 0 6485
1556613846 30181 0 6485
1556614318 30187 0 6485
1557044768 30298 0 6485
1557296975 30575 0 6485
1557297224 30578 0 6485
1557297456 30579 0 6485
1557297719 30599 0 6485
1557297782 30601 0 6485
1557386092 30608 0 6485
1557403254 30615 0 6485
1557894335 30897 0 6485
1557903735 30947 0 6485
1557904361 30964 0 6485
1557905109 30979 0 6485
1557905197 30979 0 6485
1557909798 31046 0 6485
1557910685 31104 0 6485
1557910749 31105 0 6485
1557911662 31107 0 6485
1557911725 31107 0 6485
1557980703 31121 0 6485
1557989951 31411 0 6485
1558001655 31425 0 6485
1558320541 31437 0 6485
1558321010 31439 0 6485
1558349860 31516 0 6485
1558350063 31521 0 6485
1558354969 31605 0 6485
1558369215 31728 0 6485
1558439771 31990 0 6485
1558439993 32000 0 6485
1558440601 32002 0 6485
1558515818 32751 0 6485
1558534040 33353 0 6485
1558534164 33354 0 6485
1558534331 33355 0 6485
1558537721 33357 0 6485
1558538144 33365 0 6485
1558540171 33367 0 6485
1558540313 33369 0 6485
1558578827 33375 0 6485
1558584068 33379 0 6485
1558584416 33381 0 6485
1558600224 33519 0 6485
1558609438 33521 0 6485
1558664317 33535 0 6485
1558665813 33546 0 6485
1558668121 33718 0 6485
1558668525 33720 0 6485
1558668698 33721 0 6485
1558670575 33736 0 6485
1558670802 33740 0 6485
1558671105 33741 0 6485
1558671415 33742 0 6485
1558671546 33743 0 6485
1558672987 33785 0 6485
1558674137 33803 0 6485
1558675576 33834 0 6485
1558675870 33834 0 6485
1558678968 33843 0 6485
1558681532 33847 0 6485
1558682403 33848 0 6485
1558693113 34073 0 6485
1558941899 34079 0 6485
1558943720 34079 29 6485
1558952911 34125 29 6485
1558953869 34126 29 6485
1558954688 34127 29 6485
1558955316 34130 29 6485
1559009768 34131 29 6485
1559015999 34166 29 6485
1559016224 34167 29 6485
1559026039 34167 679 6485
1559030133 34167 726 6485
1559032302 34167 732 6485
1559094373 34167 735 6485
1559095528 34177 735 6485
1559114607 34178 735 6485
1559121182 34178 2321 6485
1559121197 34178 2321 6485
1559122690 34178 2323 6485
1559140382 34178 2559 6485
1559183367 34178 2583 6485
1559185444 34178 2617 6485
1559186556 34178 2620 6485
1559192801 34179 2620 6485
1559193131 34193 2620 6485
1559209143 34193 2620 6485
1559209796 34195 2620 6485
1559209819 34195 2679 6485
1559209862 34195 2679 6485
1559216291 34414 2679 6485
1559216391 34415 2679 6485
1559218304 34420 2679 6485
1559218410 34421 2679 6485
1559219084 34421 2688 6485
1559223455 34445 2688 6485
1559223580 34446 2688 6485
1559226471 34470 2688 6485
1559269263 34548 2688 6485
1559271214 34549 2688 6485
1559288136 34550 2688 6485
1559290148 34600 2688 6485
1559551750 34624 2688 6485
1559563902 34800 2688 6485
1559564045 34800 2789 6485
1559564367 34801 2789 6485
1559564397 34801 2789 6485
1559564427 34801 2789 6485
1559569116 34801 2992 6485
1559569348 34808 2992 6485
1559571649 34873 2992 6485
1559571991 34878 2992 6485
1559617012 34973 2992 6485
1559617437 34981 2992 6485
1559618537 35008 2992 6485
1559631612 35526 2992 6485
1559631836 35527 2992 6485
1559632063 35527 2994 6485
1559632731 35561 2994 6485
1559632977 35570 2994 6485
1559633990 35577 2994 6485
1559634586 35650 2994 6485
1559634705 35653 2994 6485
1559635423 35661 2994 6485
1559635558 35663 2994 6485
1559635721 35671 2994 6485
1559635854 35673 2994 6485
1559636652 35682 2994 6485
1559639147 35686 2994 6485
1559639901 35687 2994 6485
1559641104 35691 2994 6485
1559643384 35698 2994 6485
1559657436 35733 2994 6485
1559657832 35735 2994 6485
1559701127 35779 2994 6485
1559703034 36026 2994 6485
1559705127 36050 2994 6485
1559705551 36058 2994 6485
1559706108 36074 2994 6485
1559706293 36077 2994 6485
1559706980 36079 2994 6485
1559707092 36081 2994 6485
1559707618 36106 2994 6485
1559708316 36122 2994 6485
1559708576 36124 2994 6485
1559729407 36326 2994 6485
1559805822 36517 2994 6485
1559806391 36517 2994 6485
1559806938 36521 2994 6485
1559807080 36530 2994 6485
1559808969 36543 2994 6485
1559815700 36549 2994 6485
1559815915 36557 2994 6485
1560139859 36694 2994 6485
1560161372 36694 2995 6485
1560167606 36695 2995 6485
1560167615 36695 2995 6485
1560179806 36749 2995 6485
1560414719 36814 2995 6485
1560415229 36868 2995 6485
1560417544 36922 2995 6485
1560417858 36937 2995 6485
1560421075 36953 2995 6485
1560425103 37039 2995 6485
1560481948 37225 2995 6485
1560482072 37227 2995 6485
1560484386 37235 2995 6485
1560500010 37249 2995 6485
1560735865 37261 2995 6485
1560735933 37262 2995 6485
1560740763 37268 2995 6485
1560740964 37285 2995 6485
1560764875 37306 2995 6485
1560845218 37306 2996 6485
1560913147 37306 3135 6485
1560924869 37307 3135 6485
1560930902 37308 3135 6485
1560935981 37312 3135 6485
1560937008 37316 3135 6485
1560937537 37329 3135 6485
1560943107 37377 3135 6485
1560943379 37377 3137 6485
1560943407 37377 3137 6485
1561000565 37377 3148 6485
1561001134 37377 3152 6485
1561036914 37564 3152 6485
1561036923 37564 3152 6485
1561040970 37580 3152 6485
1561041314 37582 3152 6485
1561107501 37807 3152 6485
1561107895 37807 3463 6485
1561107918 37807 3463 6485
1561117258 37807 3567 6485
1561343157 37807 3635 6485
1561359626 37816 3635 6485
1561359632 37816 3635 6485
1561360014 37823 3635 6485
1561360867 37824 3635 6485
1561370954 37939 3635 6485
1561371010 37945 3635 6485
1561372874 38306 3635 6485
1561373402 38444 3635 6485
1561374072 38495 3635 6485
1561374323 38497 3635 6485
1561374477 38502 3635 6485
1561374551 38502 3635 6485
1561374836 38512 3635 6485
1561542821 38532 3635 6485
1561542906 38550 3635 6485
1561543141 38552 3635 6485
1561980136 38552 3714 6485
1561980374 38552 3907 6485
1561980381 38552 3907 6485
1562066745 38552 3923 6485
1562072890 38554 3923 6485
1562072897 38554 3923 6485
1562122477 38652 3923 6485
1562122771 38667 3923 6485
1562123165 38668 3923 6485
1562123320 38669 3923 6485
1562164706 38883 3923 6485
1562226190 38937 3923 6485
1562291371 38937 3924 6485
1562291491 38937 3924 6485
1562294306 38937 4001 6485
1562294728 38937 4001 6485
1562297907 38951 4001 6485
1562297915 38951 4001 6485
1562419503 38979 4001 6485
1562423614 38990 4001 6485
1562654451 38990 4084 6485
1562669055 38999 4084 6485
1562669063 38999 4084 6485
1562669602 39051 4084 6485
1562670300 39051 4173 6485
1562671523 39100 4173 6485
1562754742 39416 4173 6485
1562755429 39417 4173 6485
1562812369 39429 4173 6485
1562813630 39432 4173 6485
1563768052 39432 4179 6485
1563872403 39432 4361 6485
1565953420 39432 4479 6485
1566178205 39434 4479 6485
1566178212 39434 4479 6485
1566211418 39434 4508 6485
1566278834 39434 4516 6485
1566283992 39434 4538 6485
1566290581 39434 4632 6485
1566351280 39434 4632 6485
1567043937 39447 4632 6485
1567394565 39447 4685 6485
1567411172 39447 4845 6485
1567434482 39447 4888 6485
1567477148 39447 4890 6485
1567500087 39453 4890 6485
1567514404 39453 4894 6485
1567514454 39453 4894 6485
1567519900 39506 4894 6485
1567519907 39506 4894 6485
1567567722 39597 4894 6485
1567569266 39631 4894 6485
1567569416 39664 4894 6485
1567579226 39664 4898 6485
1567579276 39664 4899 6485
1568284955 39664 4935 6485
1568627453 39664 4936 6485
1568715517 39664 4936 6485
1570618198 39664 4999 6485
1571195373 39664 5001 6485
1571364350 39664 5006 6485
1571815613 39664 5010 6485
1571824163 39664 5025 6485
1571908184 39664 5026 6485
1571912381 39664 5056 6485
1573626409 39664 5059 6485
1573697398 39851 5059 6485
1573697409 39851 5059 6485
1573728610 39851 6008 6485
1573728753 39851 6347 6485
1573783444 39851 6400 6485
1573783797 39851 6407 6485
1573801846 39851 6423 6485
1574061568 39851 6588 6485
1574077708 39852 6588 6485
1574077722 39852 6588 6485
1574133585 39852 7091 6485
1574145045 39996 7091 6485
1574145054 39996 7091 6485
1574146032 39996 7103 6485
1574166170 39996 7236 6485
1574220720 40003 7236 6485
1574220736 40003 7236 6485
1574222305 40018 7236 6485
1574231096 40018 7456 6485
1574231154 40018 7456 6485
1574233087 40018 7456 6485
1574247471 40018 7463 6485
1574306455 40164 7463 6485
1574306600 40164 7463 6485
1574306934 40164 7464 6485
1574306969 40164 7464 6485
1574307400 40164 7466 6485
1574307935 40164 7470 6485
1574319395 40164 7480 6485
1574387150 40164 7484 6485
1574389008 40249 7484 6485
1574389018 40249 7484 6485
1574389076 40249 7484 6485
1574389129 40249 7484 6485
1574389256 40254 7484 6485
1574389264 40254 7484 6485
1574389332 40254 7484 6485
1574389367 40254 7484 6485
1574394671 40254 7484 6485
1574394937 40258 7484 6485
1574394950 40258 7484 6485
1574414555 40269 7484 6485
1574479735 40269 7514 6485
1574479756 40269 7514 6485
1574503236 40269 7519 6485
1574504266 40269 7555 6485
1574650985 40277 7555 6485
1574650996 40277 7555 6485
1574820947 40277 7556 6485
1574844269 40278 7556 6485
1574844279 40278 7556 6485
1574844690 40281 7556 6485
1574844787 40283 7556 6485
1575256161 40283 7578 6485
1575256195 40283 7578 6485
1575285251 40283 7608 6485
1575338872 40283 7612 6485
1575343804 40283 7621 6485
1575359420 40283 7629 6485
1575370730 40283 7632 6485
1575448450 40283 7655 6485
1575452237 40287 7655 6485
1575452247 40287 7655 6485
1575457383 40291 7655 6485
1575535142 40291 7658 6485
1575540074 40291 7750 6485
1575540654 40291 7751 6485
1575541644 40291 7751 6485
1576839594 40291 7914 6485
1577176399 40291 8195 6485
1577177289 40300 8195 6485
1577241953 40300 8196 6485
1577243049 40300 8257 6485
1577342033 40300 8311 6485
1577344148 40300 8314 6485
1577953199 40300 8400 6485
1578019880 40300 8413 6485
1578033706 40302 8413 6485
1578035705 40302 8426 6485
1578035758 40302 8426 6485
1578036258 40302 8427 6485
1578382465 40302 8435 6485
1578399857 40302 8439 6485
1578555371 40302 8525 6485
1579110588 40302 8529 6485
1582429674 40302 8530 6485
1584610955 40302 8531 6485
1584611042 40302 8532 6485
1587378220 40302 9073 6485
1587437093 40302 9124 6485
1587465617 40302 9587 6485
1587466012 40302 9593 6485
1587520463 40302 9627 6485
1587523604 40302 9629 6485
1587608688 40302 9647 6485
1589512884 40302 9675 6485
1589880792 40302 9696 6485
1589967521 40418 9696 6485
1589970794 40432 9696 6485
1590027984 40433 9696 6485
1590056107 40935 9696 6485
1590069318 41046 9696 6485
1590488898 41050 9696 6485
1590562092 41075 9696 6485
1590564310 41078 9696 6485
1590996881 41611 9696 6485
1591001049 41690 9696 6485
1591003270 41711 9696 6485
1591177174 41711 9785 6485
1592532357 41716 9785 6485
1592532367 41716 9785 6485
1592532630 41726 9785 6485
1593331376 41915 9785 6485
1593497985 41915 9845 6485
1593498028 41915 9845 6485
1593678284 41915 9847 6485
1593679745 41977 9847 6485
1593681294 41983 9847 6485
1593686144 41983 9848 6485
1593696553 42013 9848 6485
1593696572 42013 9848 6485
1593696675 42014 9848 6485
1594029705 42020 9848 6485
1594029901 42039 9848 6485
1594034133 42039 9852 6485
1594034631 42039 9852 6485
1594035378 42039 9857 6485
1594089137 42040 9857 6485
1594089151 42040 9857 6485
1594192545 42041 9857 6485
1594227410 42044 9857 6485
1594389191 42060 9857 6485
1594798617 42354 9857 6485
1594798724 42355 9857 6485
1594801734 42358 9857 6485
1594819918 42358 10005 6485
1595227034 42358 10006 6485
1595335815 42358 10009 6485
1596770952 42380 10009 6485
1596771441 42382 10009 6485
1596787448 42425 10009 6485
1596790081 42425 10042 6485
1597654926 45658 10042 6485
1597658443 45773 10042 6485
1597659676 45808 10042 6485
1597659849 45808 10046 6485
1597659864 45808 10046 6485
1597660831 46000 10046 6485
1597661454 46081 10046 6485
1597661536 46085 10046 6485
1597661583 46086 10046 6485
1597661850 46087 10046 6485
1597662732 46087 10046 6485
1597667674 46314 10046 6485
1597667797 46314 10046 6485
1597671770 46350 10046 6485
1597765050 48380 10046 6485
1597765258 48385 10046 6485
1597804035 48441 10046 6485
1597818027 48975 10046 6485
1597820085 49066 10046 6485
1597820318 49078 10046 6485
1597820521 49083 10046 6485
1597826415 49268 10046 6485
1597826625 49311 10046 6485
1597834215 49565 10046 6485
1597834711 49714 10046 6485
1597837457 49722 10046 6485
1597837735 49725 10046 6485
1597838370 49849 10046 6485
1597843917 49865 10046 6485
1597844924 49873 10046 6485
1597982852 50598 10046 6485
1597983297 50599 10046 6485
1597991726 50688 10046 6485
1597996977 50799 10046 6485
1597997453 50805 10046 6485
1598000440 50820 10046 6485
1598000719 50821 10046 6485
1598000785 50822 10046 6485
1598000851 50824 10046 6485
1598007330 51151 10046 6485
1598009539 51375 10046 6485
1598021586 51799 10046 6485
1598022305 51800 10046 6485
1598022347 51801 10046 6485
1598023275 51819 10046 6485
1598163810 51823 10046 6485
1598172315 51868 10046 6485
1598174813 51868 10046 6485
1598175315 51872 10046 6485
1598235348 51872 10046 6485
1598239905 51986 10046 6485
1598250882 52038 10046 6485
1598256173 52307 10046 6485
1598256321 52313 10046 6485
1598256445 52320 10046 6485
1598257229 52344 10046 6485
1598268093 52346 10046 6485
1598269654 52457 10046 6485
1598270711 52581 10046 6485
1598344882 52698 10046 6485
1598352071 52736 10046 6485
1598356868 52738 10046 6485
1598414883 52930 10046 6485
1598425785 52988 10046 6485
1598426049 52992 10046 6485
1598427447 53004 10046 6485
1598428045 53005 10046 6485
1598435711 53047 10046 6485
1598438695 53049 10046 6485
1598448429 53049 10046 6485
1598498030 53075 10046 6485
1598498195 53076 10046 6485
1598588991 53078 10046 6485
1598612032 53287 10046 6485
1598615900 53344 10046 6485
1598949812 53607 10046 6485
1599017890 53848 10046 6485
1599032247 53975 10046 6485
1599033962 53977 10046 6485
1599043893 54311 10046 6485
1599044493 54327 10046 6485
1599120612 54327 10046 6485
1599125142 55745 10046 6485
1599125242 55822 10046 6485
1599125440 55825 10046 6485
1599125834 55831 10046 6485
1599127412 55833 10046 6485
1599131119 55911 10046 6485
1599201252 56015 10046 6485
1599201524 56028 10046 6485
1599217303 56395 10046 6485
1599226588 56542 10046 6485
1599227458 56576 10046 6485
1599228010 56578 10046 6485
1599229372 56607 10046 6485
1599230489 56634 10046 6485
1599231276 56639 10046 6485
1599232090 56653 10046 6485
1599448479 56653 10046 6485
1599452793 56655 10046 6485
1599453293 56657 10046 6485
1599535699 56672 10046 6485
1599641534 56730 10046 6485
1599641701 56733 10046 6485
1599641875 56733 10046 6485
1599660360 57030 10046 6485
1599660884 57035 10046 6485
1599707927 57084 10046 6485
1599718761 57104 10046 6485
1599719191 57105 10046 6485
1599742519 57139 10046 6485
1599742664 57143 10046 6485
1599799625 57143 10046 6485
1600074932 57251 10046 6485
1600169855 57278 10046 6485
1600170241 57281 10046 6485
1600174933 57287 10046 6485
1600257569 57290 10046 6485
1600330711 57290 10046 6485
1600396784 57299 10046 6485
1600399372 57299 10046 6485
1600400009 57366 10046 6485
1600400018 57366 10046 6485
1600683293 57367 10046 6485
1600764678 57762 10046 6485
1600768120 57763 10046 6485
1600825905 57789 10046 6485
1600832453 57925 10046 6485
1600842899 57925 10047 6485
1600842940 57926 10047 6485
1600842960 57926 10047 6485
1600922025 57928 10047 6485
1601006524 57928 10060 6485
1601006534 57928 10060 6485
1601267188 57930 10060 6485
1601267200 57930 10060 6485
1601282220 57940 10060 6485
1602298475 57966 10060 6485
1602469488 58044 10060 6485
1602469640 58047 10060 6485
1602577146 58386 10060 6485
1602750243 59739 10060 6485
1602750524 59744 10060 6485
1602828123 60361 10060 6485
1603012035 60452 10060 6485
1603014231 60473 10060 6485
1603015455 60475 10060 6485
1603016095 60496 10060 6485
1603075067 60788 10060 6485
1603079652 60883 10060 6485
1603079717 60884 10060 6485
1603079842 60886 10060 6485
1603106389 62041 10060 6485
1603106618 62045 10060 6485
1603112501 62088 10060 6485
1603113528 62113 10060 6485
1603115202 62154 10060 6485
1603175856 62316 10060 6485
1603186344 62321 10060 6485
1603188182 62351 10060 6485
1603245237 62351 10060 6485
1603254016 62388 10060 6485
1603332252 62397 10060 6485
1603708697 63589 10060 6485
1603712541 63610 10060 6485
1603713538 63612 10060 6485
1603714309 63617 10060 6485
1603782818 63617 10061 6485
1603782839 63617 10061 6485
1603787263 63617 10061 6485
1603787280 63617 10061 6485
1603796429 63670 10061 6485
1603796906 63674 10061 6485
1603963262 63674 10063 6485
1604040037 63895 10063 6485
1604040046 63895 10063 6485
1604040198 63899 10063 6485
1604040342 63900 10063 6485
1604054455 63932 10063 6485
1604064191 63974 10063 6485
1604281557 63978 10063 6485
1604284302 64009 10063 6485
1604285333 64014 10063 6485
1604288482 64014 10063 6485
1604294129 64057 10063 6485
1604310484 64085 10063 6485
1604409034 64088 10063 6485
1604559893 64108 10063 6485
1604560273 64111 10063 6485
1604561383 64113 10063 6485
1604632576 64301 10063 6485
1604636087 64302 10063 6485
1604654021 64313 10063 6485
1604657136 64317 10063 6485
1604657194 64320 10063 6485
1604668212 64342 10063 6485
1604887471 64342 10111 6485
1604990806 64345 10111 6485
1604990819 64345 10111 6485
1604990831 64345 10111 6485
1605072808 64815 10111 6485
1605074773 64816 10111 6485
1605085738 64822 10111 6485
1605090758 64825 10111 6485
1605496818 64831 10111 6485
1605499458 64845 10111 6485
1605670476 64849 10111 6485
1605683393 64850 10111 6485
1605684751 64855 10111 6485
1605693248 64860 10111 6485
1605773519 64862 10111 6485
1605775005 64873 10111 6485
1606200731 66049 10111 6485
1606202733 66065 10111 6485
1606211617 66066 10111 6485
1606284193 66084 10111 6485
1606297743 66113 10111 6485
1606730711 66379 10111 6485
1606792114 66799 10111 6485
1606793322 66838 10111 6485
1606793577 66839 10111 6485
1606794960 66841 10111 6485
1606803813 66847 10111 6485
1606999800 66849 10111 6485
1607310985 66850 10111 6485
1607323713 66856 10111 6485
1607326956 66857 10111 6485
1607329905 66861 10111 6485
1607513849 66862 10111 6485
1607570413 67007 10111 6485
1607571381 67009 10111 6485
1607584110 67009 10115 6485
1607585475 67068 10115 6485
1607585626 67068 10115 6485
1607918455 67111 10115 6485
1607918865 67112 10115 6485
1607920636 67172 10115 6485
1608204377 67173 10115 6485
1608209516 67175 10115 6485
1608796001 67179 10115 6485
1608796812 67180 10115 6485
1609316144 67183 10115 6485
1609401429 67203 10115 6485
1610615481 67981 10115 6485
1610617051 67981 10115 6485
1610630892 68025 10115 6485
1610630967 68026 10115 6485
1610694829 68032 10115 6485
1610704607 68194 10115 6485
1610942330 68318 10115 6485
1610952808 68340 10115 6485
1610964625 68866 10115 6485
1610964961 68867 10115 6485
1610966038 68890 10115 6485
1610968975 68913 10115 6485
1610970833 68914 10115 6485
1610973990 68916 10115 6485
1611025670 68937 10115 6485
1611025730 68937 10115 6485
1611029527 68982 10115 6485
1611030688 68989 10115 6485
1611054012 69163 10115 6485
1611061233 69313 10115 6485
1611061336 69321 10115 6485
1611110726 69330 10115 6485
1611139654 69331 10115 6485
1611198365 69346 10115 6485
1611221678 69434 10115 6485
1611284028 69447 10115 6485
1611284258 69448 10115 6485
1611309020 69454 10115 6485
1611656487 69460 10115 6485
1611656833 69493 10115 6485
1611658902 69568 10115 6485
1611659378 69569 10115 6485
1611720373 69683 10115 6485
1611720652 69700 10115 6485
1611736099 69790 10115 6485
1611739170 69926 10115 6485
1611743721 69928 10115 6485
1611748627 69953 10115 6485
1611803457 70095 10115 6485
1611828422 70152 10115 6485
1611829644 70160 10115 6485
1611892134 70162 10115 6485
1611892639 70164 10115 6485
1611911081 70170 10115 6485
1612255418 70176 10115 6485
1613817776 70181 10115 6485
1614652679 70190 10115 6485
1614654515 70204 10115 6485
1614665100 70204 10115 6485
1614669037 70209 10115 6485
1614695547 70276 10115 6485
1614735656 70284 10115 6485
1615186575 70284 10115 6485
1615194500 70358 10115 6485
1615203389 70363 10115 6485
1615359751 70398 10115 6485
1615380800 70409 10115 6485
1615516997 70426 10115 6485
1615517212 70426 10115 6485
1615528426 70426 10115 6485
1616117745 70428 10115 6485
1616117998 70429 10115 6485
1616123070 70430 10115 6485
1617262649 70513 10115 6485
1617283643 70832 10115 6485
1617283902 70842 10115 6485
1617334953 71028 10115 6485
1617335451 71031 10115 6485
1617335660 71044 10115 6485
1617679920 71056 10115 6485
1617950697 71057 10115 6485
1618454136 71080 10115 6485
1618562573 71101 10115 6485
1618970699 71228 10115 6485
1618971557 71232 10115 6485
1619000757 71233 10115 6485
1619001373 71238 10115 6485
1619001534 71242 10115 6485
1619314664 71245 10115 6485
1619578864 71289 10115 6485
1619579214 71319 10115 6485
1619581050 71320 10115 6485
1619582116 71366 10115 6485
1619582302 71413 10115 6485
1619598827 71459 10115 6485
1619686729 71463 10115 6485
1620373286 71743 10115 6485
1620375256 71994 10115 6485
1620375548 71996 10115 6485
1620376131 72006 10115 6485
1620384742 72008 10115 6485
1620699980 72010 10115 6485
1620811969 72048 10115 6485
1621577668 72100 10115 6485
1621578022 72104 10115 6485
1621578186 72111 10115 6485
1621578747 72122 10115 6485
1621582132 72124 10115 6485
1621582476 72139 10115 6485
1621582605 72140 10115 6485
1621591428 72142 10115 6485
1622024182 72143 10115 6485
1622802489 72420 10115 6485
1622810273 72597 10115 6485
1623033887 72712 10115 6485
1623034448 72718 10115 6485
1624620175 74383 10115 6485
1625020769 74393 10115 6485
1625118193 74404 10115 6485
1625539831 74832 10115 6485
1625650962 75150 10115 6485
1625803265 75210 10115 6485
1625819036 75490 10115 6485
1625835207 75494 10115 6485
1626140573 75509 10115 6485
1626416564 75668 10115 6485
1626692582 77037 10115 6485
1626762331 77378 10115 6485
1626834654 77396 10115 6485
1626933616 77397 10115 6485
1626942493 77444 10115 6485
1627009659 77458 10115 6485
1627024222 77584 10115 6485
1627030358 77657 10115 6485
1627267431 77716 10115 6485
1627278809 77717 10115 6485
1627288843 77722 10115 6485
1627353538 77787 10115 6485
1627358682 77795 10115 6485
1627628082 77796 10115 6485
1628212441 77801 10115 6485
1628563804 77859 10115 6485
1628564163 77875 10115 6485
1628564611 77889 10115 6485
1628687489 78497 10115 6485
1628992451 78807 10115 6485
1629207418 78917 10115 6485
1629208990 78927 10115 6485
1629366621 78990 10115 6485
1629949590 78990 10116 6485
1629957453 78990 10116 6485
1629985304 79011 10116 6485
1629985325 79011 10116 6485
1631172904 79135 10116 6485
1631173414 79136 10116 6485
1631173548 79137 10116 6485
1631173702 79139 10116 6485
1631173896 79144 10116 6485
1631243379 79146 10116 6485
1631246151 79147 10116 6485
1631502570 79186 10116 6485
1631503129 79188 10116 6485
1631504282 79191 10116 6485
1631587717 79203 10116 6485
1631793681 79204 10116 6485
1632409844 79602 10116 6485
1632410061 79607 10116 6485
1632468011 79614 10116 6485
1632469313 79616 10116 6485
1634114965 79661 10116 6485
1634695147 80987 10116 6485
1634710253 81380 10116 6485
1634710500 81437 10116 6485
1634710951 81450 10116 6485
1634737114 81900 10116 6485
1634799887 81902 10116 6485
1634802930 81902 10116 6485
1634803055 81902 10116 6485
1634885323 81951 10116 6485
1634889670 82197 10116 6485
1634889967 82201 10116 6485
1634890022 82203 10116 6485
1634890147 82205 10116 6485
1635146137 82216 10116 6485
1635235332 82233 10116 6485
1635239498 82237 10116 6485
1635299555 82269 10116 6485
1635305083 82298 10116 6485
1635315691 82323 10116 6485
1635317871 82325 10116 6485
1635389467 82335 10116 6485
1635390618 82355 10116 6485
1635405067 82360 10116 6485
1635408204 82411 10116 6485
1635411823 82429 10116 6485
1635412575 82434 10116 6485
1635413798 82438 10116 6485
1635486053 82443 10116 6485
1636108871 82575 10116 6485
1636111088 82579 10116 6485
1637030999 82840 10116 6485
1637031182 82841 10116 6485
1637032501 82845 10116 6485
1637051381 82986 10116 6485
1637052596 83007 10116 6485
1637116610 83165 10116 6485
1637129091 83331 10116 6485
1637139758 83334 10116 6485
1637139821 83336 10116 6485
1637218982 83521 10116 6485
1637230535 84091 10116 6485
1637308975 84286 10116 6485
1637569084 84338 10116 6485
1637726675 84338 10116 6485
1637737509 84384 10116 6485
1637737679 84386 10116 6485
1638166005 84392 10116 6485
1638167601 84398 10116 6485
1638256130 84436 10116 6485
1638350500 84438 10116 6485
1638516438 84447 10116 6485
1639122428 84891 10116 6485
1639124956 85083 10116 6485
1639130018 85177 10116 6485
1639135173 85340 10116 6485
1639387189 85460 10116 6485
1639390078 85525 10116 6485
1639391084 85527 10116 6485
1639400167 85533 10116 6485
1639400524 85533 10116 6485
1639466314 85581 10116 6485
1639467545 85636 10116 6485
1639468558 85720 10116 6485
1639470122 85721 10116 6485
1639470298 85722 10116 6485
1639477789 85728 10116 6485
1639491518 85746 10116 6485
1639568369 85762 10116 6485
1639573362 85794 10116 6485
1639664680 85800 10116 6485
1640340519 85802 10116 6485
1640655601 85803 10116 6485
1640764478 85980 10116 6485
1640766998 85980 10116 6485
1640930946 85996 10116 6485
1641438526 85996 10116 6485
1642039076 86029 10116 6485
1642156756 86069 10116 6485
1642158813 86070 10116 6485
1642386710 86092 10116 6485
1642472594 86129 10116 6485
1642562249 86189 10116 6485
1642562381 86216 10116 6485
1642562713 86217 10116 6485
1642564984 86233 10116 6485
1642585571 86276 10116 6485
1642587061 86277 10116 6485
1642600588 86277 10116 6485
1642644006 86287 10116 6485
1642650492 86348 10116 6485
1642687460 86404 10116 6485
1642744286 86425 10116 6485
1642745271 86442 10116 6485
1642757587 86708 10116 6485
1644218566 86811 10116 6485
1644299843 87195 10116 6485
1644302313 87206 10116 6485
1644311290 87359 10116 6485
1644311598 87360 10116 6485
1644387259 87366 10116 6485
1644476513 87378 10116 6485
1644478957 87390 10116 6485
1644479833 87391 10116 6485
1644647849 87400 10116 6485
1644805312 87424 10116 6485
1644817624 87444 10116 6485
1644911389 87450 10116 6485
1644911492 87452 10116 6485
1644976302 87462 10116 6485
1645179756 87692 10116 6485
1645252109 87784 10116 6485
1645252237 87785 10116 6485
1645269320 87794 10116 6485
1645415440 87820 10116 6485
1645519628 87822 10116 6485
1645698806 87845 10116 6485
1645698893 87847 10116 6485
1646273478 87854 10116 6485
1646298044 87863 10116 6485
1646299527 87875 10116 6485
1646365195 88214 10116 6485
1646366025 88221 10116 6485
1646382615 88237 10116 6485
1646985429 88254 10116 6485
1647328995 88474 10116 6485
1647335137 88486 10116 6485
1647397053 88492 10116 6485
1647415337 88496 10116 6485
1647421224 88497 10116 6485
1647498273 88509 10116 6485
1647500546 88510 10116 6485
1647505710 88531 10116 6485
1647509328 88534 10116 6485
1648106489 89191 10116 6485
1648107288 89194 10116 6485
1648108568 89198 10116 6485
1648197208 89605 10116 6485
1648550600 89913 10116 6485
1648609358 89996 10116 6485
1648627083 90001 10116 6485
1648717104 90559 10116 6485
1648722286 90632 10116 6485
1648800246 90632 10116 6485
1648886559 91677 10116 6485
1648892530 91684 10116 6485
1649213248 91701 10116 6485
1649669244 91711 10116 6485
1649669742 91717 10116 6485
1649730454 91780 10116 6485
1649822327 91938 10116 6485
1650006676 91954 10116 6485
1650959494 91993 10116 6485
1650959849 91998 10116 6485
1651200559 92007 10116 6485
1651221532 92079 10116 6485
1651226290 92081 10116 6485
1651718949 92215 10116 6485
1651734759 92233 10116 6485
1652599607 92247 10116 6485
1652767141 92431 10116 6485
1653028296 92434 10116 6485
1653471848 92455 10116 6485
1654047362 92467 10116 6485
1654047571 92469 10116 6485
1654848067 92507 10116 6485
1655351039 92507 10116 6485
1655374139 92933 10116 6485
1655374601 92936 10116 6485
1655374950 92946 10116 6485
1655374991 92946 10116 6485
1655375474 92947 10116 6485
1656474346 92983 10116 6485
1657264886 92984 10116 6485
1657597316 93003 10116 6485
1658138125 93016 10116 6485
1658397813 93022 10116 6485
1658400065 93045 10116 6485
1658482761 93047 10116 6485
1658485529 93063 10116 6485
1658831358 93414 10116 6485
1658833159 93440 10116 6485
1658887873 93451 10116 6485
1658887983 93452 10116 6485
1658888426 93457 10116 6485
1658888563 93459 10116 6485
1658893755 93681 10116 6485
1658894994 93690 10116 6485
1658906533 93701 10116 6485
1659092760 93710 10116 6485
1659419577 93723 10116 6485
1659517271 93727 10116 6485
1660025979 93893 10116 6485
1660040110 93980 10116 6485
1660189845 94054 10116 6485
1660274155 94057 10116 6485
1660614102 94077 10116 6485
1660641674 94100 10116 6485
1660812719 94247 10116 6485
1660813345 94263 10116 6485
1660903523 94265 10116 6485
1660907033 94270 10116 6485
1661485888 94275 10116 6485
1661926388 94276 10116 6485
1661926605 94277 10116 6485
1661937667 94284 10116 6485
1662349363 94383 10116 6485
1662533710 94448 10116 6485
1662712422 94449 10116 6485
1662716806 94578 10116 6485
1662717019 94594 10116 6485
1663413194 94599 10116 6485
1665394499 94675 10116 6485
1665395140 94677 10116 6485
1665395898 94684 10116 6485
1665453982 94684 10116 6485
1665475077 94818 10116 6485
1665559686 94859 10116 6485
1665628696 94918 10116 6485
1665640827 94922 10116 6485
1665643193 94931 10116 6485
1665646528 94939 10116 6485
1665646651 94940 10116 6485
1665648892 94940 10116 6485
1665651017 94945 10116 6485
1666359080 94953 10116 6485
1666359119 94954 10116 6485
1666841459 95014 10116 6485
1666938008 95021 10116 6485
1668495178 97490 10116 6485
1668498941 97495 10116 6485
1668499125 97496 10116 6485
1668501389 97501 10116 6485
1668501438 97503 10116 6485
1668502139 97516 10116 6485
1668504905 97530 10116 6485
1668506744 97550 10116 6485
1668507694 97582 10116 6485
1668509722 97731 10116 6485
1668510272 97733 10116 6485
1668510701 97746 10116 6485
1668563495 97787 10116 6485
1668568024 98025 10116 6485
1668579347 98032 10116 6485
1668580907 98155 10116 6485
1668581023 98233 10116 6485
1668656855 98245 10116 6485
1668739737 98250 10116 6485
1669602300 98253 10116 6485
1669602399 98272 10116 6485
1670815659 98485 10116 6485
1670827542 98489 10116 6485
1670901648 98491 10116 6485
1671087404 98491 10116 6485
1676285731 98504 10116 6485
1676285902 98505 10116 6485
1676286311 98507 10116 6485
1676340537 98526 10116 6485
1676343365 98564 10116 6485
1676360641 98567 10116 6485
1676360663 98568 10116 6485
1676362178 98633 10116 6485
1676363077 98633 10116 6485
1676536773 98634 10116 6485
1677738866 98724 10116 6485
1677738941 98731 10116 6485
1677835584 98732 10116 6485
1678699449 99127 10116 6485
1678700126 99136 10116 6485
1678850219 99629 10116 6485
1678850262 99665 10116 6485
1678851742 99667 10116 6485
1678860886 99669 10116 6485
1678861007 99705 10116 6485
1678875451 99736 10116 6485
1678878653 99737 10116 6485
1678878844 99738 10116 6485
1678946954 99752 10116 6485
1679038800 99765 10116 6485
1679039791 99767 10116 6485
1679042635 99771 10116 6485
1679045989 99775 10116 6485
1679046013 99776 10116 6485
1679379385 99838 10116 6485
1679553140 99847 10116 6485
1679569543 99881 10116 6485
1679569683 99891 10116 6485
1679643482 99893 10116 6485
1679646145 99902 10116 6485
1680174252 100005 10116 6485
1680174395 100005 10116 6485
1680175093 100008 10116 6485
1680255578 100013 10116 6485
1682216556 100020 10116 6485
1682229098 100021 10116 6485
1683282719 100027 10116 6485
1683860508 100126 10116 6485
1683861578 100139 10116 6485
1683877678 100145 10116 6485
1684306456 100146 10116 6485
1684416362 100148 10116 6485
1684830049 100155 10116 6485
1684998150 100155 10116 6485
1685514407 100448 10116 6485
1685514846 100452 10116 6485
1685606488 100773 10116 6485
1685611955 100774 10116 6485
1685622976 100781 10116 6485
1686189693 100784 10116 6485
1686190741 100785 10116 6485
1687767891 100795 10116 6485
1688970835 100837 10116 6485
1689753665 100959 10116 6485
1689854055 100960 10116 6485
1691152986 101453 10116 6485
1691636127 101454 10116 6485
1691658158 101511 10116 6485
1691746870 101514 10116 6485
1691747264 101518 10116 6485
1692330195 101641 10116 6485
1692612495 101642 10116 6485
1692668524 101644 10116 6485
1692670311 101646 10116 6485
1692865467 101647 10116 6485
1693992113 101649 10116 6485
1695293508 101649 10116 6485
1697790808 101838 10116 6485
1698298877 101840 10116 6485
1699588661 101866 10116 6485
1699588794 101872 10116 6485
1699602398 101966 10116 6485
1699603150 101984 10116 6485
1700146772 101987 10116 6485
1700146807 101988 10116 6485
1703210015 102002 10116 6485
1703233355 102006 10116 6485
1703244664 102030 10116 6485
1704951851 102656 10116 6485
1705480693 102702 10116 6485
1705891349 102702 10116 6485
1706085886 102714 10116 6485
1706867602 102755 10116 6485
1709301920 102815 10116 6485
1709301968 102819 10116 6485
1709302049 102821 10116 6485
1709304444 102823 10116 6485
1710474073 102823 10116 6485
1710729266 102833 10116 6485
