1607309687 157
1607309770 175
1607423682 312
1607424115 315
1607424602 329
1607424794 330
1607514729 436
1607934680 961
1607934696 965
1607934938 966
1607935932 971
1607936508 975
1607997776 976
1608005082 976
1608084976 976
1608084998 1007
1608174108 1015
1609211830 1065
1609328392 1066
1609833353 1238
1609836863 1371
1609922549 1400
1610015867 1411
1610077767 1528
1610436654 1558
1611201321 1578
1611544802 1792
1611891566 1834
1612149258 1879
1612150864 1893
1612152634 1934
1612174737 1985
1613957138 3377
1613957239 3382
1614566042 3382
1614578234 3394
1616480704 3624
1616480724 3933
1616750919 6953
1618907300 7237
1618907317 8037
1620439526 8604
1621392817 9416
1621579575 10266
1625448966 11372
1625448981 11375
1626177434 11402
1626187478 11441
1626753355 12633
1628243871 14717
1629257355 15778
1629270481 15941
1629344960 16154
1629345070 16155
1629345089 16158
1630919489 16340
1630920518 16901
1630920753 17157
1631956124 17160
1644733445 44966
1644733742 81905
1654163885 82234
1654163936 84825
1654163949 91327
1654163971 91327
1654402394 97968
1654410662 120750
1654411177 120771
1654413674 120771
1654418993 120812
1654419875 120857
1654419946 120857
1654420967 120863
1654421122 120863
1654566841 120885
1658287933 122349
1658655949 122368
1658656087 122352
1658668743 122376
1658674338 122646
1658674389 122646
1658674430 122646
1658800650 122691
1658884763 122586
1658888665 122594
1658902677 122606
1658903561 122614
1659085913 125649
1659665232 125672
1660025763 125677
1660026664 126344
1660026708 124768
1660098491 124793
1660099095 124794
1660477062 124807
1660477256 124808
1660477657 124808
1660477749 124806
1660478972 124807
1660485259 124807
1660549577 124884
1660549623 125203
1660549732 125213
1660644544 125403
1660644853 125407
1660706671 125406
1660706910 125408
1661308869 125474
1661310440 125473
1661328424 125475
1661328677 125475
1661336955 125486
1661417494 125882
1661417625 125887
1661417697 125887
1661419588 126000
1661419895 126001
1661431343 126229
1661434783 126343
1661484360 126393
1661491883 126510
1661492304 126508
1661493701 126546
1661656944 126798
1661665242 126797
1661665493 126797
1661682967 126833
1661683424 126834
1661684115 126838
1661684663 126839
1664520249 138627
1666001120 138697
1672799470 141420
1680510753 148357
1685590653 149832
1689129262 150187
1693195110 151698
1693195133 152050
1699434769 152827
1699434784 153152
1704273264 155500
1704273279 156474
