1567648170 1
1574749825 2
1575458517 3
1576838870 4
1577177325 5
1577243294 6
1577341967 7
1577344058 8
1577952480 9
1577952757 10
1578019804 11
1578035482 12
1578036102 13
1578382413 14
1578555227 15
1584610658 16
1588075422 17
1589973228 18
1589973368 19
1591177220 20
1596106025 21
1597660662 22
1597670042 23
1598448554 24
1598924090 25
1598925185 26
1600399223 27
1600399237 28
1600843035 29
1601005213 30
1602816538 31
1602816553 32
1602818123 33
1602818352 34
1605096312 35
1607072966 36
1607072974 37
1607308924 38
1607339422 39
1607583539 40
1607585694 41
1609402286 42
1609402294 43
1615197623 44
1615197631 45
1615205180 46
1615205266 47
1615518110 48
1615518182 49
1615528804 50
1615528914 51
1617262847 52
1617262927 53
1619599246 54
1628243571 55
1628244400 56
1629964896 57
1629965004 58
1630908223 59
1630908260 60
1630921493 61
1631065362 62
1631065383 63
1631267960 64
1631268001 65
1635306223 66
1635306236 67
1638777780 68
1644566193 69
1644567741 70
1644568130 71
1644729853 72
1649758218 73
1649992206 74
1649992526 75
1649992658 76
1652767555 77
1656491020 78
1657697777 79
1658990187 80
1658990317 81
1660189892 82
1660189897 83
1664521241 84
1664521883 85
1691045212 86
