1567648170 11682
1574749825 11804
1575458517 11805
1576838870 11925
1577177325 11956
1577243294 11938
1577341967 11966
1577344058 11967
1577952480 11994
1577952757 11995
1578019804 12004
1578035482 12005
1578036102 12005
1578382413 11874
1578555227 11826
1584610658 11826
1588075422 12854
1589973228 12866
1589973368 12867
1591177220 11987
1596106025 11013
1597660662 11155
1597670042 11175
1598448554 11318
1598924090 11320
1598925185 11320
1600399223 11322
1600399237 11419
1600843035 11454
1601005213 11456
1602816538 11364
1602816553 11462
1602818123 11465
1602818352 11468
1605096312 11749
1617262847 11791
1617262927 11918
1630908223 12293
1630908260 12309
1630921493 12375
1649758218 12361
1657697777 12361
