1567648170 11682
1574749825 11975
1575458517 11978
1576838870 12140
1577177325 12416
1577243294 12477
1577341967 12531
1577344058 12534
1577952480 12620
1577952757 12621
1578019804 12634
1578035482 12653
1578036102 12655
1578382413 12663
1578555227 12748
1584610658 12749
1588075422 13835
1589973228 13889
1589973368 13903
1591177220 14525
1596106025 14619
1597660662 14950
1597670042 15062
1598448554 15255
1598924090 15257
1598925185 15257
1600399223 15261
1600399237 15261
1600843035 15390
1601005213 15422
1602816538 15457
1602816553 15457
1602818123 15465
1602818352 15473
1605096312 15929
1607072966 15930
1607072974 15930
1607308924 15930
1607339422 15935
1607583539 16029
1607585694 16087
1609402286 16107
1609402294 16107
1615197623 16181
1615197631 16181
1615205180 16186
1615205266 16186
1615518110 16202
1615518182 16202
1615528804 16202
1615528914 16202
1617262847 16265
1617262927 16265
1619599246 16311
1628243571 16317
1628244400 16317
1629964896 16328
1629965004 16328
1630908223 16718
1630908260 16718
1630921493 16789
1631065362 16802
1631065383 16802
1631267960 16869
1631268001 16869
1635306223 16901
1635306236 16901
1638777780 16910
1644566193 16916
1644567741 16917
1644568130 16923
1644729853 16929
1649758218 16994
1649992206 17120
1649992526 17120
1649992658 17149
1652767555 17314
1656491020 17339
1657697777 17339
1658990187 17348
1658990317 17348
1660189892 17361
1660189897 17361
1664521241 17367
1664521883 17379
1691045212 17386
