1558943720 1
1559026039 2
1559030133 3
1559032302 4
1559094373 5
1559121182 6
1559121197 7
1559122690 8
1559140382 9
1559183367 10
1559185444 11
1559186556 12
1559209819 13
1559209862 14
1559219084 15
1559564045 16
1559564397 17
1559564427 18
1559569116 19
1559632063 20
1560161372 21
1560845218 22
1560913147 23
1560943379 24
1560943407 25
1561000565 26
1561001134 27
1561107895 28
1561107918 29
1561117258 30
1561343157 31
1561980136 32
1561980374 33
1561980381 34
1562066745 35
1562291371 36
1562291491 37
1562294306 38
1562294728 39
1562654451 40
1562670300 41
1563768052 42
1563872403 43
1565953420 44
1566211418 45
1566278834 46
1566283992 47
1566290581 48
1567394565 49
1567411172 50
1567434482 51
1567477148 52
1567514404 53
1567514454 54
1567579226 55
1567579276 56
1568284955 57
1568627453 58
1568715517 59
1570618198 60
1571195373 61
1571364350 62
1571815613 63
1571824163 64
1571908184 65
1571912381 66
1573626409 67
1573728610 68
1573728753 69
1573783444 70
1573783797 71
1573801846 72
1574061568 73
1574133585 74
1574146032 75
1574166170 76
1574231096 77
1574231154 78
1574233087 79
1574247471 80
1574306934 81
1574306969 82
1574307400 83
1574307935 84
1574319395 85
1574387150 86
1574389076 87
1574389129 88
1574389332 89
1574389367 90
1574394671 91
1574479735 92
1574479756 93
1574503236 94
1574504266 95
1574820947 96
1575256161 97
1575256195 98
1575285251 99
1575338872 100
1575343804 101
1575359420 102
1575370730 103
1575448450 104
1575535142 105
1575540074 106
1575540654 107
1575541644 108
1576839594 109
1577176399 110
1577241953 111
1577243049 112
1577342033 113
1577344148 114
1577953199 115
1578019880 116
1578035705 117
1578035758 118
1578036258 119
1578382465 120
1578399857 121
1578555371 122
1579110588 123
1582429674 124
1584610955 125
1584611042 126
1587378220 127
1587437093 128
1587465617 129
1587466012 130
1587520463 131
1587523604 132
1587608688 133
1589512884 134
1589880792 135
1591177174 136
1593497985 137
1593498028 138
1593678284 139
1593686144 140
1594034133 141
1594034631 142
1594035378 143
1594819918 144
1595227034 145
1595335815 146
1596790081 147
1597659849 148
1597659864 149
1597662732 150
1597667797 151
1598174813 152
1598235348 153
1598448429 154
1599120612 155
1599448479 156
1599641875 157
1599799625 158
1600330711 159
1600399372 160
1600842899 161
1601006524 162
1601006534 163
1603782818 164
1603782839 165
1603963262 166
1604887471 167
1607584110 168
1629949590 169
1629957453 170
