1558943720 29
1559026039 679
1559030133 726
1559032302 732
1559094373 735
1559121182 2321
1559121197 2321
1559122690 2323
1559140382 2559
1559183367 2583
1559185444 2617
1559186556 2620
1559209819 2679
1559209862 2679
1559219084 2688
1559564045 2789
1559564397 2789
1559564427 2789
1559569116 2992
1559632063 2994
1560161372 2995
1560845218 2996
1560913147 3135
1560943379 3137
1560943407 3137
1561000565 3148
1561001134 3152
1561107895 3463
1561107918 3463
1561117258 3567
1561343157 3635
1561980136 3714
1561980374 3907
1561980381 3907
1562066745 3923
1562291371 3924
1562291491 3924
1562294306 4001
1562294728 4001
1562654451 4084
1562670300 4173
1563768052 4179
1563872403 4361
1565953420 4479
1566211418 4508
1566278834 4516
1566283992 4538
1566290581 4632
1567394565 4685
1567411172 4845
1567434482 4888
1567477148 4890
1567514404 4894
1567514454 4894
1567579226 4898
1567579276 4899
1568284955 4935
1568627453 4936
1568715517 4936
1570618198 4999
1571195373 5001
1571364350 5006
1571815613 5010
1571824163 5025
1571908184 5026
1571912381 5056
1573626409 5059
1573728610 6008
1573728753 6347
1573783444 6400
1573783797 6407
1573801846 6423
1574061568 6588
1574133585 7091
1574146032 7103
1574166170 7236
1574231096 7456
1574231154 7456
1574233087 7456
1574247471 7463
1574306934 7464
1574306969 7464
1574307400 7466
1574307935 7470
1574319395 7480
1574387150 7484
1574389076 7484
1574389129 7484
1574389332 7484
1574389367 7484
1574394671 7484
1574479735 7514
1574479756 7514
1574503236 7519
1574504266 7555
1574820947 7556
1575256161 7578
1575256195 7578
1575285251 7608
1575338872 7612
1575343804 7621
1575359420 7629
1575370730 7632
1575448450 7655
1575535142 7658
1575540074 7750
1575540654 7751
1575541644 7751
1576839594 7914
1577176399 8195
1577241953 8196
1577243049 8257
1577342033 8311
1577344148 8314
1577953199 8400
1578019880 8413
1578035705 8426
1578035758 8426
1578036258 8427
1578382465 8435
1578399857 8439
1578555371 8525
1579110588 8529
1582429674 8530
1584610955 8531
1584611042 8532
1587378220 9073
1587437093 9124
1587465617 9587
1587466012 9593
1587520463 9627
1587523604 9629
1587608688 9647
1589512884 9675
1589880792 9696
1591177174 9785
1593497985 9845
1593498028 9845
1593678284 9847
1593686144 9848
1594034133 9852
1594034631 9852
1594035378 9857
1594819918 10005
1595227034 10006
1595335815 10009
1596790081 10042
1597659849 10046
1597659864 10046
1597662732 10046
1597667797 10046
1598174813 10046
1598235348 10046
1598448429 10046
1599120612 10046
1599448479 10046
1599641875 10046
1599799625 10046
1600330711 10046
1600399372 10046
1600842899 10047
1601006524 10060
1601006534 10060
1603782818 10061
1603782839 10061
1603963262 10063
1604887471 10111
1607584110 10115
1629949590 10116
1629957453 10116
