1558943720 10
1559026039 625
1559030133 648
1559032302 633
1559094373 632
1559121182 2178
1559121197 2178
1559122690 2174
1559140382 2355
1559183367 2373
1559185444 2383
1559186556 2383
1559209819 2375
1559209862 2370
1559219084 2372
1559564045 2472
1559564397 2439
1559564427 2440
1559569116 2590
1559632063 2590
1560845218 2590
1560913147 2712
1560943379 2714
1560943407 2720
1561000565 2731
1561001134 2731
1561107895 3039
1561107918 3348
1561117258 3405
1562670300 3490
1567394565 3520
1567411172 3673
1567434482 3712
1567477148 3712
1567579226 3715
1567579276 3715
1568284955 3739
1568627453 3737
1568715517 3704
1570618198 3767
1571195373 3767
1571364350 3768
1571815613 3771
1571824163 3647
1571908184 3647
1571912381 3677
1575535142 3677
1575540074 3758
1575540654 3758
1575541644 3754
1576839594 3871
1577176399 3903
1577241953 3903
1577243049 3885
1577342033 3913
1577344148 3914
1577953199 3941
1578019880 3950
1578035705 3950
1578035758 3951
1578036258 3951
1578382465 3820
1578399857 3823
1578555371 3776
1579110588 3776
1582429674 3776
1584610955 3776
1584611042 3777
1587378220 4313
1587437093 4203
1587465617 4637
1587466012 4637
1587520463 4643
1587523604 4643
1587608688 4644
1589512884 4651
1589880792 4649
1593497985 4704
1593498028 3825
1593678284 3827
1594819918 3475
1595227034 3476
1595335815 3477
1596790081 3482
