1621585637 1
1628060822 2
1628239608 3
1628239764 4
1629961614 5
1629961709 6
1629964228 7
1629965075 8
1629969828 9
1630036082 10
1632799813 11
1632799872 12
1632912767 13
1632916397 14
1632989767 15
1635306532 16
1635413707 17
1637222204 18
1637742443 19
1638174446 20
1638256654 21
1638327972 22
1638777689 23
1640054425 24
1641892869 25
1648536148 26
1648537113 27
1648537491 28
1648537895 29
1648538058 30
1648538300 31
1648538419 32
1648542421 33
1648543444 34
1648543807 35
1648543991 36
1648544111 37
1648612126 38
1648612640 39
1648633553 40
1648692470 41
1649406665 42
1649752357 43
1649758515 44
1649817764 45
1649822764 46
1649929650 47
1649992942 48
1650002611 49
1650004156 50
1650265970 51
1650267884 52
1650363981 53
1650364887 54
1650521583 55
1650617488 56
1650788884 57
1650855873 58
1650856102 59
1650858610 60
1650858672 61
1650858726 62
1650865780 63
1650953171 64
1650953235 65
1651028147 66
1651736358 67
1651736862 68
1651742071 69
1651745247 70
1651749557 71
1651803068 72
1652146392 73
1652767458 74
1656490885 75
1658990147 76
1660189782 77
1662455203 78
1665389490 79
1666078495 80
1666081086 81
1667358382 82
1680509345 83
1685595452 84
1685597623 85
1687252266 86
1688027230 87
1690947997 88
1700190978 89
1700191306 90
1700791630 91
1706510405 92
1713771292 93
1713777374 94
1713852737 95
1713930805 96
1713936953 97
1714096614 98
