1621585637 4618
1628060822 5063
1628239608 5052
1628239764 5052
1629961614 5068
1629961709 5068
1629964228 5085
1629965075 5090
1629969828 5098
1630036082 5120
1632799813 5125
1632799872 4882
1632912767 4911
1632916397 4912
1632989767 4914
1635306532 4942
1635413707 4944
1637222204 4872
1637742443 4872
1638174446 4874
1638256654 4910
1638327972 4910
1638777689 4911
1640054425 4940
1641892869 4941
1648536148 7587
1648537113 7555
1648537491 7555
1648537895 7557
1648538058 7556
1648538300 7554
1648538419 7554
1648542421 7554
1648543444 7564
1648543807 7564
1648543991 7565
1648544111 7565
1648612126 7569
1648612640 7569
1648633553 7570
1648692470 7572
1649406665 7572
1649752357 8150
1649758515 8136
1649817764 7962
1649822764 8227
1649929650 8228
1649992942 8225
1650002611 7962
1650004156 7907
1650265970 8110
1650267884 8110
1650363981 8201
1650364887 8203
1650521583 8202
1650617488 8245
1650788884 8283
1650855873 8274
1650856102 8274
1650858610 8274
1650858672 8274
1650858726 8274
1650865780 8274
1650953171 8274
1650953235 10503
1651028147 10503
1651736358 10503
1651736862 10507
1651742071 10523
1651745247 10523
1651749557 10532
1651803068 10532
1652146392 10530
1652767458 10439
1656490885 10448
1658990147 10451
1660189782 10463
1662455203 10469
1665389490 10494
1666078495 10528
1666081086 10528
1667358382 10535
1680509345 10535
1685595452 10536
1685597623 10535
1687252266 10539
1688027230 10618
1690947997 10701
1700190978 10708
1700191306 10720
1700791630 10721
1706510405 11127
1713771292 11197
1713777374 11260
1713852737 11251
1713930805 11259
1713936953 11259
1714096614 11277
