1621585637 4618
1628060822 5063
1628239608 5069
1628239764 5069
1629961614 5085
1629961709 5085
1629964228 5119
1629965075 5130
1629969828 5141
1630036082 5180
1632799813 5190
1632799872 5190
1632912767 5274
1632916397 5276
1632989767 5281
1635306532 5313
1635413707 5318
1637222204 5561
1637742443 5562
1638174446 5574
1638256654 5612
1638327972 5613
1638777689 5622
1640054425 5653
1641892869 5654
1648536148 8406
1648537113 8419
1648537491 8422
1648537895 8427
1648538058 8429
1648538300 8435
1648538419 8441
1648542421 8442
1648543444 8453
1648543807 8456
1648543991 8459
1648544111 8460
1648612126 8469
1648612640 8470
1648633553 8472
1648692470 8475
1649406665 8476
1649752357 9064
1649758515 9129
1649817764 9131
1649822764 9549
1649929650 9554
1649992942 9569
1650002611 9602
1650004156 9628
1650265970 9899
1650267884 9900
1650363981 9991
1650364887 9993
1650521583 10048
1650617488 11030
1650788884 11097
1650855873 11176
1650856102 11176
1650858610 11176
1650858672 11176
1650858726 11176
1650865780 11178
1650953171 11178
1650953235 11178
1651028147 11179
1651736358 11180
1651736862 11184
1651742071 11202
1651745247 11203
1651749557 11213
1651803068 11217
1652146392 11217
1652767458 11382
1656490885 11407
1658990147 11416
1660189782 11429
1662455203 11438
1665389490 11474
1666078495 11516
1666081086 11557
1667358382 11568
1680509345 11569
1685595452 11570
1685597623 11570
1687252266 11576
1688027230 11685
1690947997 11768
1700190978 11817
1700191306 11817
1700791630 11826
1706510405 12372
1713771292 12462
1713777374 12545
1713852737 12581
1713930805 12603
1713936953 12606
1714096614 12625
