1663810053 0
1663832463 7293
1663912491 7293
1664084101 8174
1664182818 8821
1664182877 9668
1664335585 9669
1664335674 9670
1664356219 9910
1664356305 9910
1665212323 9910
1665213218 9918
1666339741 10610
1666341191 10612
1666343203 10689
1666578465 10714
1666592231 10715
1666592882 10715
1666595914 10712
1666664209 11039
1666669614 11039
1666669710 11039
1666676505 11040
1666680206 11040
1666682716 11039
1666687114 11039
1666769555 11230
1666769753 11229
1666769837 11230
1666769927 11209
1666770311 11212
1666770664 11224
1666770750 11224
1666771312 11231
1666771495 11231
1666771761 11231
1666771835 11231
1666774657 11265
1666774883 11269
1666775195 11261
1666775406 11274
1666775687 11274
1666777175 11274
1666778346 11274
1666854688 11310
1666855090 11306
1666855219 11304
1666855363 11304
1666855450 11304
1666942816 11327
1666943301 11328
1666945444 11330
1666949001 11330
1667184583 11330
1667184660 11330
1667185199 11336
1667185928 11336
1667205902 11337
1667267318 11337
1675238330 11350
1680509268 11349
1688027058 11426
1691045278 11431
