1663810053 0 0 0
1663832463 7293 0 0
1663912491 7295 0 0
1664084101 8186 0 0
1664090245 8186 683 0
1664090484 8186 685 0
1664097949 8186 867 0
1664182818 8866 867 0
1664182877 8866 867 0
1664335585 8867 867 0
1664335674 8868 867 0
1664356219 9172 867 0
1664356305 9173 867 0
1665212323 9176 867 0
1665213218 9186 867 0
1666339741 10109 867 0
1666341191 10111 867 0
1666343203 10194 867 0
1666578465 10223 867 0
1666592231 10224 867 0
1666592882 10225 867 0
1666595914 10226 867 0
1666664209 10554 867 0
1666669614 10560 867 0
1666669710 10572 867 0
1666676505 10573 867 0
1666680206 10575 867 0
1666682716 10581 867 0
1666687114 10582 867 0
1666769555 10809 867 0
1666769753 10821 867 0
1666769837 10822 867 0
1666769927 10822 867 0
1666770311 10840 867 0
1666770664 10860 867 0
1666770750 10864 867 0
1666771312 10872 867 0
1666771495 10950 867 0
1666771761 10963 867 0
1666771835 10964 867 0
1666774657 11007 867 0
1666774883 11018 867 0
1666775195 11049 867 0
1666775406 11062 867 0
1666775687 11066 867 0
1666777175 11067 867 0
1666778346 11068 867 0
1666854688 11110 867 0
1666855090 11112 867 0
1666855219 11112 867 0
1666855363 11113 867 0
1666855450 11114 867 0
1666942816 11158 867 0
1666943301 11160 867 0
1666945444 11162 867 0
1666949001 11169 867 0
1667184583 11171 867 0
1667184660 11173 867 0
1667185199 11193 867 0
1667185928 11201 867 0
1667205902 11205 867 0
1667267318 11207 867 0
1675238330 11236 867 0
1680509268 11237 867 0
1688027058 11346 867 0
1691045278 11353 867 0
